# x	y	u	v	flags	mask
2.1757e-01	3.5226e+00	-2.0748e+00	-1.6437e-01	0.0000e+00	0.0000e+00
4.8695e-01	3.5226e+00	-2.9826e-01	1.4750e-01	1.0000e+00	0.0000e+00
7.5632e-01	3.5226e+00	-3.7419e+00	1.0026e+00	0.0000e+00	0.0000e+00
1.0257e+00	3.5226e+00	1.8222e+00	1.1974e-01	0.0000e+00	0.0000e+00
1.2951e+00	3.5226e+00	-6.0496e+00	9.2407e-01	0.0000e+00	0.0000e+00
1.5644e+00	3.5226e+00	2.2324e-02	4.6591e-02	1.0000e+00	0.0000e+00
1.8338e+00	3.5226e+00	1.4212e+00	5.7493e-03	0.0000e+00	0.0000e+00
2.1032e+00	3.5226e+00	-1.3034e+00	-9.7901e-02	0.0000e+00	0.0000e+00
2.3726e+00	3.5226e+00	-7.3186e+00	3.6117e-01	0.0000e+00	0.0000e+00
2.6419e+00	3.5226e+00	8.0880e-01	5.3550e-02	1.0000e+00	0.0000e+00
2.9113e+00	3.5226e+00	9.6614e-01	1.0323e-02	1.0000e+00	0.0000e+00
3.1807e+00	3.5226e+00	-1.6933e-01	-1.4671e-01	0.0000e+00	0.0000e+00
3.4501e+00	3.5226e+00	-8.3181e+00	-5.2205e+00	0.0000e+00	0.0000e+00
3.7194e+00	3.5226e+00	-4.5768e-01	1.8585e-01	0.0000e+00	0.0000e+00
3.9888e+00	3.5226e+00	1.0744e+00	-7.2050e-01	1.0000e+00	0.0000e+00
4.2582e+00	3.5226e+00	1.1606e+00	9.4673e-02	0.0000e+00	0.0000e+00
4.5276e+00	3.5226e+00	1.3485e+00	-3.2763e-01	0.0000e+00	0.0000e+00
4.7969e+00	3.5226e+00	7.6156e-01	-1.2260e+00	0.0000e+00	0.0000e+00
5.0663e+00	3.5226e+00	1.4029e+00	-6.0676e-01	1.0000e+00	0.0000e+00
2.1757e-01	3.2532e+00	-1.5237e+00	5.5747e-02	0.0000e+00	0.0000e+00
4.8695e-01	3.2532e+00	-8.9762e+00	7.3257e-01	0.0000e+00	0.0000e+00
7.5632e-01	3.2532e+00	5.4202e+00	-4.9484e+00	0.0000e+00	0.0000e+00
1.0257e+00	3.2532e+00	1.7276e+00	-4.9530e-02	0.0000e+00	0.0000e+00
1.2951e+00	3.2532e+00	-6.0961e+00	1.3174e+00	0.0000e+00	0.0000e+00
1.5644e+00	3.2532e+00	2.1799e-02	4.1177e-01	1.0000e+00	0.0000e+00
1.8338e+00	3.2532e+00	-3.2590e-01	-6.2963e-01	0.0000e+00	0.0000e+00
2.1032e+00	3.2532e+00	1.3876e+00	-1.9949e-01	0.0000e+00	0.0000e+00
2.3726e+00	3.2532e+00	-7.2782e+00	6.7851e-01	0.0000e+00	0.0000e+00
2.6419e+00	3.2532e+00	3.2436e+00	-3.4220e-02	0.0000e+00	0.0000e+00
2.9113e+00	3.2532e+00	-5.6790e+00	1.9235e+00	0.0000e+00	0.0000e+00
3.1807e+00	3.2532e+00	4.8655e-01	7.3159e-01	0.0000e+00	0.0000e+00
3.4501e+00	3.2532e+00	1.8104e+00	-1.1757e-01	1.0000e+00	0.0000e+00
3.7194e+00	3.2532e+00	4.5951e+00	-2.7245e-01	0.0000e+00	0.0000e+00
3.9888e+00	3.2532e+00	-1.2458e+00	-8.3267e+00	0.0000e+00	0.0000e+00
4.2582e+00	3.2532e+00	3.8481e+00	1.7138e-01	0.0000e+00	0.0000e+00
4.5276e+00	3.2532e+00	1.6154e+00	-1.3167e-01	0.0000e+00	0.0000e+00
4.7969e+00	3.2532e+00	-1.7375e+00	5.7216e-01	0.0000e+00	0.0000e+00
5.0663e+00	3.2532e+00	-1.5481e+00	5.4459e-01	0.0000e+00	0.0000e+00
2.1757e-01	2.9838e+00	2.6390e-01	1.9478e-01	1.0000e+00	0.0000e+00
4.8695e-01	2.9838e+00	1.6873e+00	-7.2041e-01	0.0000e+00	0.0000e+00
7.5632e-01	2.9838e+00	1.0968e+00	-1.9450e+00	0.0000e+00	0.0000e+00
1.0257e+00	2.9838e+00	-1.4677e+00	1.7847e-01	0.0000e+00	0.0000e+00
1.2951e+00	2.9838e+00	3.6406e-02	3.6549e-01	1.0000e+00	0.0000e+00
1.5644e+00	2.9838e+00	3.2024e-01	6.4628e-01	1.0000e+00	0.0000e+00
1.8338e+00	2.9838e+00	1.0786e+00	4.9160e-01	1.0000e+00	0.0000e+00
2.1032e+00	2.9838e+00	1.9296e+00	1.0342e+00	0.0000e+00	0.0000e+00
2.3726e+00	2.9838e+00	4.9965e+00	6.4874e-02	0.0000e+00	0.0000e+00
2.6419e+00	2.9838e+00	6.1579e+00	-2.0056e-01	0.0000e+00	0.0000e+00
2.9113e+00	2.9838e+00	5.8430e+00	-1.6124e-01	0.0000e+00	0.0000e+00
3.1807e+00	2.9838e+00	1.7394e+00	-1.5009e-01	1.0000e+00	0.0000e+00
3.4501e+00	2.9838e+00	4.1142e+00	3.3413e-01	0.0000e+00	0.0000e+00
3.7194e+00	2.9838e+00	-1.4165e+00	-1.7003e+00	0.0000e+00	0.0000e+00
3.9888e+00	2.9838e+00	2.2094e-01	1.0218e+00	0.0000e+00	0.0000e+00
4.2582e+00	2.9838e+00	-2.1949e+00	5.6605e-02	0.0000e+00	0.0000e+00
4.5276e+00	2.9838e+00	1.3900e+00	-8.0210e-01	1.0000e+00	0.0000e+00
4.7969e+00	2.9838e+00	1.8871e+00	-1.2040e+00	1.0000e+00	0.0000e+00
5.0663e+00	2.9838e+00	3.4425e+00	-4.3350e+00	0.0000e+00	0.0000e+00
2.1757e-01	2.7145e+00	-8.1404e-01	5.6678e+00	0.0000e+00	0.0000e+00
4.8695e-01	2.7145e+00	7.1019e+00	-1.6701e-01	0.0000e+00	0.0000e+00
7.5632e-01	2.7145e+00	8.1094e-02	2.8203e-01	1.0000e+00	0.0000e+00
1.0257e+00	2.7145e+00	7.1893e+00	-5.4372e-02	0.0000e+00	0.0000e+00
1.2951e+00	2.7145e+00	2.2740e-01	3.2711e-01	1.0000e+00	0.0000e+00
1.5644e+00	2.7145e+00	5.4849e-01	5.5945e-01	1.0000e+00	0.0000e+00
1.8338e+00	2.7145e+00	1.1793e+00	4.6404e-01	1.0000e+00	0.0000e+00
2.1032e+00	2.7145e+00	1.6957e+00	-2.5189e-01	0.0000e+00	0.0000e+00
2.3726e+00	2.7145e+00	4.7701e+00	5.1131e-01	0.0000e+00	0.0000e+00
2.6419e+00	2.7145e+00	6.1033e+00	-8.9507e-02	0.0000e+00	0.0000e+00
2.9113e+00	2.7145e+00	-5.3287e+00	1.7544e+00	0.0000e+00	0.0000e+00
3.1807e+00	2.7145e+00	1.0218e+00	5.8443e-01	0.0000e+00	0.0000e+00
3.4501e+00	2.7145e+00	8.0159e+00	-6.7404e-02	0.0000e+00	0.0000e+00
3.7194e+00	2.7145e+00	4.7740e+00	8.7170e-01	0.0000e+00	0.0000e+00
3.9888e+00	2.7145e+00	-3.6960e+00	-2.1509e+00	0.0000e+00	0.0000e+00
4.2582e+00	2.7145e+00	6.7064e+00	-1.2462e-01	0.0000e+00	0.0000e+00
4.5276e+00	2.7145e+00	1.0342e+00	-6.7489e-01	1.0000e+00	0.0000e+00
4.7969e+00	2.7145e+00	1.6286e+00	-1.0603e+00	1.0000e+00	0.0000e+00
5.0663e+00	2.7145e+00	1.4887e+00	-6.5632e-01	1.0000e+00	0.0000e+00
2.1757e-01	2.4451e+00	7.6342e+00	-4.8066e-02	0.0000e+00	0.0000e+00
4.8695e-01	2.4451e+00	-6.2544e+00	-5.1261e+00	0.0000e+00	0.0000e+00
7.5632e-01	2.4451e+00	-3.1464e+00	3.9062e+00	0.0000e+00	0.0000e+00
1.0257e+00	2.4451e+00	1.2029e+00	2.9005e-01	1.0000e+00	0.0000e+00
1.2951e+00	2.4451e+00	-1.4692e+00	4.5322e-01	0.0000e+00	0.0000e+00
1.5644e+00	2.4451e+00	1.3546e+00	5.8325e-01	1.0000e+00	0.0000e+00
1.8338e+00	2.4451e+00	1.8309e+00	5.1645e-01	1.0000e+00	0.0000e+00
2.1032e+00	2.4451e+00	-8.2786e+00	7.4667e+00	0.0000e+00	0.0000e+00
2.3726e+00	2.4451e+00	8.2691e+00	2.4099e-01	0.0000e+00	0.0000e+00
2.6419e+00	2.4451e+00	5.1419e+00	4.0660e-01	0.0000e+00	0.0000e+00
2.9113e+00	2.4451e+00	2.2120e+00	7.2279e-01	1.0000e+00	0.0000e+00
3.1807e+00	2.4451e+00	8.3231e+00	-5.6345e-01	0.0000e+00	0.0000e+00
3.4501e+00	2.4451e+00	7.7951e+00	2.5707e-01	0.0000e+00	0.0000e+00
3.7194e+00	2.4451e+00	-6.7621e+00	6.9062e+00	0.0000e+00	0.0000e+00
3.9888e+00	2.4451e+00	8.0713e+00	1.0670e-01	0.0000e+00	0.0000e+00
4.2582e+00	2.4451e+00	4.8353e+00	-2.6671e-01	0.0000e+00	0.0000e+00
4.5276e+00	2.4451e+00	1.1931e+00	-7.8353e-01	1.0000e+00	0.0000e+00
4.7969e+00	2.4451e+00	1.7459e+00	-1.1917e+00	1.0000e+00	0.0000e+00
5.0663e+00	2.4451e+00	1.4488e+00	-1.0185e+00	1.0000e+00	0.0000e+00
2.1757e-01	2.1757e+00	1.9865e+00	3.0999e-01	1.0000e+00	0.0000e+00
4.8695e-01	2.1757e+00	1.7310e+00	-4.1041e+00	0.0000e+00	0.0000e+00
7.5632e-01	2.1757e+00	-5.8347e+00	8.9369e+00	0.0000e+00	0.0000e+00
1.0257e+00	2.1757e+00	1.6484e+00	5.1669e-01	1.0000e+00	0.0000e+00
1.2951e+00	2.1757e+00	1.1520e+00	5.8618e-01	1.0000e+00	0.0000e+00
1.5644e+00	2.1757e+00	1.5768e+00	8.2717e-01	1.0000e+00	0.0000e+00
1.8338e+00	2.1757e+00	8.1145e+00	-5.4910e-02	0.0000e+00	0.0000e+00
2.1032e+00	2.1757e+00	2.2222e+00	7.9661e-01	1.0000e+00	0.0000e+00
2.3726e+00	2.1757e+00	2.8604e+00	6.7889e-01	1.0000e+00	0.0000e+00
2.6419e+00	2.1757e+00	3.3802e+00	5.1669e-01	1.0000e+00	0.0000e+00
2.9113e+00	2.1757e+00	1.9707e+00	1.0699e+00	0.0000e+00	0.0000e+00
3.1807e+00	2.1757e+00	7.9083e+00	3.4828e-01	0.0000e+00	0.0000e+00
3.4501e+00	2.1757e+00	2.3736e+00	3.8611e-01	1.0000e+00	0.0000e+00
3.7194e+00	2.1757e+00	-7.3080e+00	1.2528e+00	0.0000e+00	0.0000e+00
3.9888e+00	2.1757e+00	8.2487e+00	-8.4103e+00	0.0000e+00	0.0000e+00
4.2582e+00	2.1757e+00	-8.7591e-01	-2.9402e+00	0.0000e+00	0.0000e+00
4.5276e+00	2.1757e+00	8.6685e-01	-5.4797e-01	1.0000e+00	0.0000e+00
4.7969e+00	2.1757e+00	6.0979e+00	-4.6589e-01	0.0000e+00	0.0000e+00
5.0663e+00	2.1757e+00	6.6860e+00	-3.2590e-01	0.0000e+00	0.0000e+00
2.1757e-01	1.9063e+00	2.9218e+00	9.6156e-01	0.0000e+00	0.0000e+00
4.8695e-01	1.9063e+00	4.4587e+00	5.5299e-01	0.0000e+00	0.0000e+00
7.5632e-01	1.9063e+00	4.4535e+00	-1.3793e+00	0.0000e+00	0.0000e+00
1.0257e+00	1.9063e+00	-7.2239e+00	-1.4614e+00	0.0000e+00	0.0000e+00
1.2951e+00	1.9063e+00	1.5366e+00	4.3073e-01	1.0000e+00	0.0000e+00
1.5644e+00	1.9063e+00	1.8463e+00	8.1757e-01	1.0000e+00	0.0000e+00
1.8338e+00	1.9063e+00	2.2124e+00	7.0103e-01	1.0000e+00	0.0000e+00
2.1032e+00	1.9063e+00	2.0951e+00	7.3956e-01	1.0000e+00	0.0000e+00
2.3726e+00	1.9063e+00	8.2713e+00	1.4457e-01	0.0000e+00	0.0000e+00
2.6419e+00	1.9063e+00	3.0478e+00	4.9164e-01	1.0000e+00	0.0000e+00
2.9113e+00	1.9063e+00	1.2715e+00	5.3063e+00	0.0000e+00	0.0000e+00
3.1807e+00	1.9063e+00	5.5866e+00	-8.1513e-02	0.0000e+00	0.0000e+00
3.4501e+00	1.9063e+00	2.3251e+00	3.2519e-01	1.0000e+00	0.0000e+00
3.7194e+00	1.9063e+00	-6.9912e+00	1.5209e+00	0.0000e+00	0.0000e+00
3.9888e+00	1.9063e+00	2.4074e+00	-2.3104e-01	1.0000e+00	0.0000e+00
4.2582e+00	1.9063e+00	4.1713e+00	4.9371e-01	0.0000e+00	0.0000e+00
4.5276e+00	1.9063e+00	1.2046e+00	-4.1155e-01	1.0000e+00	0.0000e+00
4.7969e+00	1.9063e+00	1.7426e+00	-8.1157e-01	1.0000e+00	0.0000e+00
5.0663e+00	1.9063e+00	-9.5109e+00	-4.3112e-02	0.0000e+00	0.0000e+00
2.1757e-01	1.6370e+00	8.5142e+00	4.2927e-02	0.0000e+00	0.0000e+00
4.8695e-01	1.6370e+00	2.3816e+00	3.4479e-01	1.0000e+00	0.0000e+00
7.5632e-01	1.6370e+00	6.3596e+00	1.3857e-01	0.0000e+00	0.0000e+00
1.0257e+00	1.6370e+00	2.3548e+00	4.4017e-01	1.0000e+00	0.0000e+00
1.2951e+00	1.6370e+00	1.5901e+00	6.6679e-01	1.0000e+00	0.0000e+00
1.5644e+00	1.6370e+00	1.7650e+00	1.0944e+00	1.0000e+00	0.0000e+00
1.8338e+00	1.6370e+00	8.8298e+00	-2.8604e-01	0.0000e+00	0.0000e+00
2.1032e+00	1.6370e+00	1.5456e+00	1.5246e-01	0.0000e+00	0.0000e+00
2.3726e+00	1.6370e+00	2.5736e+00	7.2115e-01	1.0000e+00	0.0000e+00
2.6419e+00	1.6370e+00	2.8920e+00	5.6084e-01	1.0000e+00	0.0000e+00
2.9113e+00	1.6370e+00	6.9470e-01	4.9511e-01	0.0000e+00	0.0000e+00
3.1807e+00	1.6370e+00	5.3087e+00	-1.5366e+00	0.0000e+00	0.0000e+00
3.4501e+00	1.6370e+00	2.0989e+00	3.8122e-01	1.0000e+00	0.0000e+00
3.7194e+00	1.6370e+00	1.9934e+00	2.0580e-01	1.0000e+00	0.0000e+00
3.9888e+00	1.6370e+00	6.1470e+00	4.8243e+00	0.0000e+00	0.0000e+00
4.2582e+00	1.6370e+00	-7.4847e+00	-3.4713e+00	0.0000e+00	0.0000e+00
4.5276e+00	1.6370e+00	8.6558e+00	-7.5160e+00	0.0000e+00	0.0000e+00
4.7969e+00	1.6370e+00	1.4875e+00	-4.8808e-01	1.0000e+00	0.0000e+00
5.0663e+00	1.6370e+00	8.7658e-01	-6.5982e-01	1.0000e+00	0.0000e+00
2.1757e-01	1.3676e+00	8.1256e+00	2.5097e-01	0.0000e+00	0.0000e+00
4.8695e-01	1.3676e+00	3.0289e+00	3.7971e-01	1.0000e+00	0.0000e+00
7.5632e-01	1.3676e+00	2.6849e+00	4.6283e-01	1.0000e+00	0.0000e+00
1.0257e+00	1.3676e+00	2.8082e+00	4.8668e-01	1.0000e+00	0.0000e+00
1.2951e+00	1.3676e+00	3.2948e+00	4.3043e+00	0.0000e+00	0.0000e+00
1.5644e+00	1.3676e+00	-3.1628e+00	4.0249e+00	0.0000e+00	0.0000e+00
1.8338e+00	1.3676e+00	-5.6292e+00	-1.6845e+00	0.0000e+00	0.0000e+00
2.1032e+00	1.3676e+00	2.3564e+00	6.4346e-01	1.0000e+00	0.0000e+00
2.3726e+00	1.3676e+00	2.5874e+00	5.8578e-01	1.0000e+00	0.0000e+00
2.6419e+00	1.3676e+00	2.7516e+00	7.4162e-01	0.0000e+00	0.0000e+00
2.9113e+00	1.3676e+00	6.9643e+00	-2.9644e+00	0.0000e+00	0.0000e+00
3.1807e+00	1.3676e+00	5.7704e+00	2.5961e+00	0.0000e+00	0.0000e+00
3.4501e+00	1.3676e+00	2.0418e+00	1.6486e-01	1.0000e+00	0.0000e+00
3.7194e+00	1.3676e+00	1.9145e+00	2.6730e-02	1.0000e+00	0.0000e+00
3.9888e+00	1.3676e+00	1.2423e+00	4.2485e+00	0.0000e+00	0.0000e+00
4.2582e+00	1.3676e+00	-6.7951e+00	5.2595e+00	0.0000e+00	0.0000e+00
4.5276e+00	1.3676e+00	-1.7117e+00	-7.2555e+00	0.0000e+00	0.0000e+00
4.7969e+00	1.3676e+00	2.9313e+00	7.1225e-03	0.0000e+00	0.0000e+00
5.0663e+00	1.3676e+00	-5.8699e+00	2.8123e-01	0.0000e+00	0.0000e+00
2.1757e-01	1.0982e+00	8.0524e+00	-5.6956e-01	0.0000e+00	0.0000e+00
4.8695e-01	1.0982e+00	4.6523e+00	-7.5180e+00	0.0000e+00	0.0000e+00
7.5632e-01	1.0982e+00	-6.4401e+00	-7.7377e+00	0.0000e+00	0.0000e+00
1.0257e+00	1.0982e+00	6.6748e+00	5.2464e+00	0.0000e+00	0.0000e+00
1.2951e+00	1.0982e+00	4.3760e+00	9.0580e-02	0.0000e+00	0.0000e+00
1.5644e+00	1.0982e+00	3.0149e+00	6.4972e-01	0.0000e+00	0.0000e+00
1.8338e+00	1.0982e+00	8.4442e+00	-1.9531e-01	0.0000e+00	0.0000e+00
2.1032e+00	1.0982e+00	1.8596e+00	1.9667e+00	0.0000e+00	0.0000e+00
2.3726e+00	1.0982e+00	2.3208e+00	5.0625e-01	1.0000e+00	0.0000e+00
2.6419e+00	1.0982e+00	-8.8347e+00	-3.8909e+00	0.0000e+00	0.0000e+00
2.9113e+00	1.0982e+00	2.1033e+00	4.4719e-01	1.0000e+00	0.0000e+00
3.1807e+00	1.0982e+00	2.0549e+00	5.8643e-01	1.0000e+00	0.0000e+00
3.4501e+00	1.0982e+00	1.8102e+00	5.0365e-01	1.0000e+00	0.0000e+00
3.7194e+00	1.0982e+00	1.7392e+00	3.8589e-01	1.0000e+00	0.0000e+00
3.9888e+00	1.0982e+00	8.1789e+00	-1.6003e-01	0.0000e+00	0.0000e+00
4.2582e+00	1.0982e+00	5.2811e+00	-2.0724e+00	0.0000e+00	0.0000e+00
4.5276e+00	1.0982e+00	2.9300e-01	8.0097e-01	0.0000e+00	0.0000e+00
4.7969e+00	1.0982e+00	2.8593e+00	-9.3777e-01	0.0000e+00	0.0000e+00
5.0663e+00	1.0982e+00	-5.2164e-01	5.4552e-01	0.0000e+00	0.0000e+00
2.1757e-01	8.2884e-01	4.1990e+00	2.7697e-01	1.0000e+00	0.0000e+00
4.8695e-01	8.2884e-01	5.7794e+00	5.0079e-01	0.0000e+00	0.0000e+00
7.5632e-01	8.2884e-01	3.4647e+00	4.5942e-01	1.0000e+00	0.0000e+00
1.0257e+00	8.2884e-01	2.7148e+00	9.0310e+00	0.0000e+00	0.0000e+00
1.2951e+00	8.2884e-01	2.7840e+00	5.8395e-01	1.0000e+00	0.0000e+00
1.5644e+00	8.2884e-01	2.3274e+00	7.5056e-01	1.0000e+00	0.0000e+00
1.8338e+00	8.2884e-01	-3.9770e-01	6.5580e-01	0.0000e+00	0.0000e+00
2.1032e+00	8.2884e-01	2.2159e+00	4.4335e-01	1.0000e+00	0.0000e+00
2.3726e+00	8.2884e-01	-3.1556e+00	3.1785e+00	0.0000e+00	0.0000e+00
2.6419e+00	8.2884e-01	2.1768e+00	3.2369e-01	1.0000e+00	0.0000e+00
2.9113e+00	8.2884e-01	7.0028e+00	1.8649e-01	0.0000e+00	0.0000e+00
3.1807e+00	8.2884e-01	-3.8732e+00	1.6933e+00	0.0000e+00	0.0000e+00
3.4501e+00	8.2884e-01	5.7282e+00	-4.5303e-02	0.0000e+00	0.0000e+00
3.7194e+00	8.2884e-01	1.7873e+00	2.8471e-01	1.0000e+00	0.0000e+00
3.9888e+00	8.2884e-01	-7.1622e+00	1.0393e+00	0.0000e+00	0.0000e+00
4.2582e+00	8.2884e-01	1.0601e+00	1.8685e-01	1.0000e+00	0.0000e+00
4.5276e+00	8.2884e-01	-2.9343e+00	6.0331e+00	0.0000e+00	0.0000e+00
4.7969e+00	8.2884e-01	7.1887e+00	1.2998e-02	0.0000e+00	0.0000e+00
5.0663e+00	8.2884e-01	4.8057e-01	-3.7948e-01	1.0000e+00	0.0000e+00
2.1757e-01	5.5947e-01	5.1176e+00	-1.1213e-01	0.0000e+00	0.0000e+00
4.8695e-01	5.5947e-01	3.8869e+00	4.4480e-01	1.0000e+00	0.0000e+00
7.5632e-01	5.5947e-01	4.3936e+00	3.8565e-01	0.0000e+00	0.0000e+00
1.0257e+00	5.5947e-01	4.7157e+00	-1.1029e-01	0.0000e+00	0.0000e+00
1.2951e+00	5.5947e-01	2.3691e+00	-1.7455e-01	0.0000e+00	0.0000e+00
1.5644e+00	5.5947e-01	-3.6593e-02	-3.1512e+00	0.0000e+00	0.0000e+00
1.8338e+00	5.5947e-01	3.0480e+00	5.1724e+00	0.0000e+00	0.0000e+00
2.1032e+00	5.5947e-01	2.1036e+00	4.1860e-01	1.0000e+00	0.0000e+00
2.3726e+00	5.5947e-01	-2.9260e+00	1.0968e-01	0.0000e+00	0.0000e+00
2.6419e+00	5.5947e-01	5.7189e+00	-5.3044e-02	0.0000e+00	0.0000e+00
2.9113e+00	5.5947e-01	7.0726e+00	3.8108e-01	0.0000e+00	0.0000e+00
3.1807e+00	5.5947e-01	4.7868e+00	-1.1549e-01	0.0000e+00	0.0000e+00
3.4501e+00	5.5947e-01	-3.5675e+00	7.2447e-02	0.0000e+00	0.0000e+00
3.7194e+00	5.5947e-01	7.2280e+00	-3.8942e+00	0.0000e+00	0.0000e+00
3.9888e+00	5.5947e-01	1.3649e+00	5.8849e-01	1.0000e+00	0.0000e+00
4.2582e+00	5.5947e-01	4.1262e+00	-4.6049e-02	0.0000e+00	0.0000e+00
4.5276e+00	5.5947e-01	7.7046e-01	4.5781e-01	1.0000e+00	0.0000e+00
4.7969e+00	5.5947e-01	5.2899e-01	3.7867e-01	1.0000e+00	0.0000e+00
5.0663e+00	5.5947e-01	-1.0428e+00	3.0729e-01	0.0000e+00	0.0000e+00
2.1757e-01	2.9010e-01	4.0265e+00	2.1453e-01	0.0000e+00	0.0000e+00
4.8695e-01	2.9010e-01	4.1781e+00	3.6172e+00	0.0000e+00	0.0000e+00
7.5632e-01	2.9010e-01	3.5488e+00	1.5472e-01	1.0000e+00	0.0000e+00
1.0257e+00	2.9010e-01	3.5169e+00	3.6807e-01	1.0000e+00	0.0000e+00
1.2951e+00	2.9010e-01	3.1022e+00	4.7107e-01	1.0000e+00	0.0000e+00
1.5644e+00	2.9010e-01	3.5219e+00	-1.1623e-01	0.0000e+00	0.0000e+00
1.8338e+00	2.9010e-01	2.3033e+00	8.1564e-01	1.0000e+00	0.0000e+00
2.1032e+00	2.9010e-01	4.3526e+00	-9.9354e-03	0.0000e+00	0.0000e+00
2.3726e+00	2.9010e-01	3.5555e+00	-2.1095e-01	0.0000e+00	0.0000e+00
2.6419e+00	2.9010e-01	2.8872e+00	4.6870e-02	0.0000e+00	0.0000e+00
2.9113e+00	2.9010e-01	1.4376e+00	-3.1374e-01	0.0000e+00	0.0000e+00
3.1807e+00	2.9010e-01	-1.3024e+00	3.5818e-01	0.0000e+00	0.0000e+00
3.4501e+00	2.9010e-01	1.7902e+00	1.9965e-01	1.0000e+00	0.0000e+00
3.7194e+00	2.9010e-01	-2.9775e+00	7.5859e+00	0.0000e+00	0.0000e+00
3.9888e+00	2.9010e-01	1.5129e+00	5.6329e-01	1.0000e+00	0.0000e+00
4.2582e+00	2.9010e-01	1.3212e+00	4.2725e-01	1.0000e+00	0.0000e+00
4.5276e+00	2.9010e-01	2.0973e+00	5.8540e-02	0.0000e+00	0.0000e+00
4.7969e+00	2.9010e-01	1.1714e+00	3.4630e-01	1.0000e+00	0.0000e+00
5.0663e+00	2.9010e-01	-2.5177e+00	-1.4053e+00	0.0000e+00	0.0000e+00
