# x	y	u	v	flags	mask
1.6577e-01	1.8753e+00	5.1151e-01	3.1173e+00	1.0000e+00	0.0000e+00
3.7298e-01	1.8753e+00	6.8975e-01	3.0126e+00	1.0000e+00	0.0000e+00
5.8019e-01	1.8753e+00	8.2377e-01	2.8263e+00	1.0000e+00	0.0000e+00
7.8740e-01	1.8753e+00	7.1909e-01	2.4942e+00	1.0000e+00	0.0000e+00
9.9461e-01	1.8753e+00	9.5456e-01	2.1987e+00	1.0000e+00	0.0000e+00
1.2018e+00	1.8753e+00	1.7914e+00	-4.3466e-01	0.0000e+00	0.0000e+00
1.4090e+00	1.8753e+00	4.5318e-01	9.8634e-01	1.0000e+00	0.0000e+00
1.6162e+00	1.8753e+00	3.4355e-01	4.1195e-01	1.0000e+00	0.0000e+00
1.8235e+00	1.8753e+00	3.4506e-01	-1.6205e-01	1.0000e+00	0.0000e+00
2.0307e+00	1.8753e+00	-3.9985e+00	-5.5643e-01	0.0000e+00	0.0000e+00
2.2379e+00	1.8753e+00	3.7355e+00	-2.0858e-01	0.0000e+00	0.0000e+00
2.4451e+00	1.8753e+00	1.2637e-01	-1.1473e+00	1.0000e+00	0.0000e+00
2.6523e+00	1.8753e+00	1.0042e-01	-1.0461e+00	1.0000e+00	0.0000e+00
2.8595e+00	1.8753e+00	6.0081e-01	-7.4290e-01	1.0000e+00	0.0000e+00
3.0667e+00	1.8753e+00	3.0097e+00	-2.0175e-01	0.0000e+00	0.0000e+00
3.2739e+00	1.8753e+00	-1.5675e-02	-1.6028e-01	1.0000e+00	0.0000e+00
3.4811e+00	1.8753e+00	-1.2556e-01	5.7683e-02	1.0000e+00	0.0000e+00
3.6884e+00	1.8753e+00	-4.8262e-01	1.2477e-01	1.0000e+00	0.0000e+00
3.8956e+00	1.8753e+00	-2.7602e-01	-1.2202e-01	1.0000e+00	0.0000e+00
4.1028e+00	1.8753e+00	-2.8604e-02	1.3629e-01	1.0000e+00	0.0000e+00
4.3100e+00	1.8753e+00	-2.6977e-01	-1.1018e-01	1.0000e+00	0.0000e+00
4.5172e+00	1.8753e+00	-3.5603e-02	-1.7612e-01	1.0000e+00	0.0000e+00
4.7244e+00	1.8753e+00	3.6066e-02	-1.5201e-01	1.0000e+00	0.0000e+00
4.9316e+00	1.8753e+00	-9.6066e-02	6.5655e-03	1.0000e+00	0.0000e+00
5.1388e+00	1.8753e+00	-1.2154e-01	3.5511e-01	1.0000e+00	0.0000e+00
5.3460e+00	1.8753e+00	2.2440e-02	7.0996e-01	1.0000e+00	0.0000e+00
5.5533e+00	1.8753e+00	1.1418e-01	2.7085e-01	1.0000e+00	0.0000e+00
5.7605e+00	1.8753e+00	3.6089e-01	-1.9455e-01	1.0000e+00	0.0000e+00
5.9677e+00	1.8753e+00	5.4284e-01	-3.4586e-01	1.0000e+00	0.0000e+00
6.1749e+00	1.8753e+00	-5.8648e-02	-9.2797e-02	0.0000e+00	0.0000e+00
6.3821e+00	1.8753e+00	7.9454e-01	-7.9789e-01	1.0000e+00	0.0000e+00
6.5893e+00	1.8753e+00	9.4875e-01	-6.3523e-01	1.0000e+00	0.0000e+00
6.7965e+00	1.8753e+00	4.7161e-01	-8.1004e-01	1.0000e+00	0.0000e+00
7.0037e+00	1.8753e+00	-1.0573e-02	-2.4071e-01	1.0000e+00	0.0000e+00
7.2109e+00	1.8753e+00	-1.8236e-01	3.8387e-01	1.0000e+00	0.0000e+00
7.4182e+00	1.8753e+00	-5.0908e-01	5.2515e-01	1.0000e+00	0.0000e+00
7.6254e+00	1.8753e+00	-8.1258e-01	9.1139e-01	1.0000e+00	0.0000e+00
7.8326e+00	1.8753e+00	-9.5131e-01	1.0258e+00	1.0000e+00	0.0000e+00
8.0398e+00	1.8753e+00	-1.3503e+00	8.2637e-01	1.0000e+00	0.0000e+00
8.2470e+00	1.8753e+00	-1.6070e+00	1.2458e+00	1.0000e+00	0.0000e+00
8.4542e+00	1.8753e+00	-1.6601e+00	8.8951e-01	1.0000e+00	0.0000e+00
8.6614e+00	1.8753e+00	-1.7953e+00	6.8951e-01	1.0000e+00	0.0000e+00
8.8686e+00	1.8753e+00	-1.9326e+00	8.1813e-01	1.0000e+00	0.0000e+00
9.0758e+00	1.8753e+00	-1.7063e+00	4.2464e-01	1.0000e+00	0.0000e+00
9.2831e+00	1.8753e+00	-1.6327e+00	6.2411e-01	1.0000e+00	0.0000e+00
9.4903e+00	1.8753e+00	-1.3986e+00	8.5714e-01	1.0000e+00	0.0000e+00
9.6975e+00	1.8753e+00	-9.6880e-01	5.8043e-01	1.0000e+00	0.0000e+00
9.9047e+00	1.8753e+00	-7.1862e-01	8.1946e-01	1.0000e+00	0.0000e+00
1.0112e+01	1.8753e+00	-8.2175e-01	1.1460e+00	1.0000e+00	0.0000e+00
1.0319e+01	1.8753e+00	-5.7747e-01	9.9035e-01	1.0000e+00	0.0000e+00
1.0526e+01	1.8753e+00	-6.4286e-01	1.4273e+00	1.0000e+00	0.0000e+00
1.0734e+01	1.8753e+00	-8.6618e-01	1.4894e+00	1.0000e+00	0.0000e+00
1.0941e+01	1.8753e+00	-8.4984e-01	1.2253e+00	1.0000e+00	0.0000e+00
1.1148e+01	1.8753e+00	-8.3879e-01	1.5459e+00	1.0000e+00	0.0000e+00
1.1355e+01	1.8753e+00	-9.0004e-01	1.2418e+00	1.0000e+00	0.0000e+00
1.1562e+01	1.8753e+00	-9.5033e-01	6.0075e-01	1.0000e+00	0.0000e+00
1.1770e+01	1.8753e+00	-8.9436e-01	5.4748e-01	1.0000e+00	0.0000e+00
1.1977e+01	1.8753e+00	-7.4018e-01	4.6570e-01	1.0000e+00	0.0000e+00
1.2184e+01	1.8753e+00	-6.5776e-01	1.3381e-01	1.0000e+00	0.0000e+00
1.2391e+01	1.8753e+00	2.3360e-01	-3.9396e-01	0.0000e+00	0.0000e+00
1.2598e+01	1.8753e+00	-8.7621e-01	-2.8144e-01	1.0000e+00	0.0000e+00
1.2806e+01	1.8753e+00	-3.0262e+00	-5.8750e-01	0.0000e+00	0.0000e+00
1.3013e+01	1.8753e+00	-8.5499e-01	2.0987e-01	1.0000e+00	0.0000e+00
1.3220e+01	1.8753e+00	-1.0502e+00	-5.3980e-02	1.0000e+00	0.0000e+00
1.3427e+01	1.8753e+00	-1.4377e+00	-4.1715e-01	1.0000e+00	0.0000e+00
1.3634e+01	1.8753e+00	-2.7538e+00	-1.9634e+00	0.0000e+00	0.0000e+00
1.3842e+01	1.8753e+00	-1.9651e+00	-6.0739e-01	1.0000e+00	0.0000e+00
1.4049e+01	1.8753e+00	-5.3695e+00	-8.0418e-01	0.0000e+00	0.0000e+00
1.4256e+01	1.8753e+00	-1.9659e+00	-6.3347e-01	1.0000e+00	0.0000e+00
1.6577e-01	1.6680e+00	-3.2241e+00	3.1333e+00	0.0000e+00	0.0000e+00
3.7298e-01	1.6680e+00	4.2353e-01	3.3165e+00	1.0000e+00	0.0000e+00
5.8019e-01	1.6680e+00	6.0404e-01	3.0491e+00	1.0000e+00	0.0000e+00
7.8740e-01	1.6680e+00	5.2391e+00	6.6744e+00	0.0000e+00	0.0000e+00
9.9461e-01	1.6680e+00	8.3089e-01	2.2745e+00	1.0000e+00	0.0000e+00
1.2018e+00	1.6680e+00	2.1975e+00	5.6269e+00	0.0000e+00	0.0000e+00
1.4090e+00	1.6680e+00	4.3970e-01	8.8888e-01	1.0000e+00	0.0000e+00
1.6162e+00	1.6680e+00	5.6817e+00	5.4289e+00	0.0000e+00	0.0000e+00
1.8235e+00	1.6680e+00	-4.9667e+00	3.0007e+00	0.0000e+00	0.0000e+00
2.0307e+00	1.6680e+00	-5.4765e+00	3.0751e+00	0.0000e+00	0.0000e+00
2.2379e+00	1.6680e+00	3.6838e-01	-1.1866e+00	1.0000e+00	0.0000e+00
2.4451e+00	1.6680e+00	1.8225e-01	-1.2724e+00	1.0000e+00	0.0000e+00
2.6523e+00	1.6680e+00	1.3930e-01	-1.1495e+00	1.0000e+00	0.0000e+00
2.8595e+00	1.6680e+00	6.1932e-01	-7.3102e-01	1.0000e+00	0.0000e+00
3.0667e+00	1.6680e+00	1.3289e-01	-3.9900e-01	1.0000e+00	0.0000e+00
3.2739e+00	1.6680e+00	6.8108e-01	-4.2347e+00	0.0000e+00	0.0000e+00
3.4811e+00	1.6680e+00	5.7115e-01	5.2122e+00	0.0000e+00	0.0000e+00
3.6884e+00	1.6680e+00	6.6409e-01	1.5080e+00	0.0000e+00	0.0000e+00
3.8956e+00	1.6680e+00	-6.2409e-03	8.2527e-02	1.0000e+00	0.0000e+00
4.1028e+00	1.6680e+00	2.0706e+00	-2.3664e+00	0.0000e+00	0.0000e+00
4.3100e+00	1.6680e+00	-1.5977e+00	-5.3728e+00	0.0000e+00	0.0000e+00
4.5172e+00	1.6680e+00	3.3403e+00	-6.3260e+00	0.0000e+00	0.0000e+00
4.7244e+00	1.6680e+00	2.0674e-01	-2.6034e-02	1.0000e+00	0.0000e+00
4.9316e+00	1.6680e+00	-5.9929e+00	-2.1355e+00	0.0000e+00	0.0000e+00
5.1388e+00	1.6680e+00	5.8289e+00	3.2990e+00	0.0000e+00	0.0000e+00
5.3460e+00	1.6680e+00	2.2013e+00	3.2865e+00	0.0000e+00	0.0000e+00
5.5533e+00	1.6680e+00	-6.1629e+00	3.0847e+00	0.0000e+00	0.0000e+00
5.7605e+00	1.6680e+00	-1.5063e+00	3.0596e+00	0.0000e+00	0.0000e+00
5.9677e+00	1.6680e+00	2.6860e-01	-3.4540e-01	1.0000e+00	0.0000e+00
6.1749e+00	1.6680e+00	1.8545e-01	-3.2893e-01	1.0000e+00	0.0000e+00
6.3821e+00	1.6680e+00	5.0485e+00	-6.2024e+00	0.0000e+00	0.0000e+00
6.5893e+00	1.6680e+00	6.8259e-01	-2.4276e-01	1.0000e+00	0.0000e+00
6.7965e+00	1.6680e+00	2.3008e-01	-4.2042e-01	1.0000e+00	0.0000e+00
7.0037e+00	1.6680e+00	1.5018e+00	2.6885e-02	0.0000e+00	0.0000e+00
7.2109e+00	1.6680e+00	-3.1814e+00	5.2379e+00	0.0000e+00	0.0000e+00
7.4182e+00	1.6680e+00	-5.6605e-01	8.5097e-01	1.0000e+00	0.0000e+00
7.6254e+00	1.6680e+00	-2.7564e+00	4.5549e+00	0.0000e+00	0.0000e+00
7.8326e+00	1.6680e+00	-6.9876e-01	1.1054e+00	1.0000e+00	0.0000e+00
8.0398e+00	1.6680e+00	-1.0386e+00	9.6958e-01	1.0000e+00	0.0000e+00
8.2470e+00	1.6680e+00	-1.1610e+00	1.3544e+00	1.0000e+00	0.0000e+00
8.4542e+00	1.6680e+00	2.2177e+00	-4.6179e+00	0.0000e+00	0.0000e+00
8.6614e+00	1.6680e+00	-6.3921e+00	7.5392e-01	0.0000e+00	0.0000e+00
8.8686e+00	1.6680e+00	-4.6625e+00	1.6638e+00	0.0000e+00	0.0000e+00
9.0758e+00	1.6680e+00	-9.5462e-01	-4.6725e+00	0.0000e+00	0.0000e+00
9.2831e+00	1.6680e+00	-1.5853e+00	5.7216e-01	1.0000e+00	0.0000e+00
9.4903e+00	1.6680e+00	-1.3797e+00	7.3729e-01	1.0000e+00	0.0000e+00
9.6975e+00	1.6680e+00	-1.0227e+00	5.2152e-01	1.0000e+00	0.0000e+00
9.9047e+00	1.6680e+00	3.2113e+00	3.6691e+00	0.0000e+00	0.0000e+00
1.0112e+01	1.6680e+00	-7.5660e-01	9.0657e-01	1.0000e+00	0.0000e+00
1.0319e+01	1.6680e+00	-5.2992e-01	8.1500e-01	1.0000e+00	0.0000e+00
1.0526e+01	1.6680e+00	-4.6395e-01	1.2791e+00	1.0000e+00	0.0000e+00
1.0734e+01	1.6680e+00	-6.0267e+00	3.8311e+00	0.0000e+00	0.0000e+00
1.0941e+01	1.6680e+00	-6.9003e-01	1.2816e+00	1.0000e+00	0.0000e+00
1.1148e+01	1.6680e+00	-7.5912e-01	1.3506e+00	1.0000e+00	0.0000e+00
1.1355e+01	1.6680e+00	-5.8029e+00	1.5306e+00	0.0000e+00	0.0000e+00
1.1562e+01	1.6680e+00	-8.7624e-01	5.9878e-01	1.0000e+00	0.0000e+00
1.1770e+01	1.6680e+00	-2.0811e+00	6.1317e+00	0.0000e+00	0.0000e+00
1.1977e+01	1.6680e+00	-6.2977e-01	3.2742e-01	1.0000e+00	0.0000e+00
1.2184e+01	1.6680e+00	-6.3993e+00	-6.0388e+00	0.0000e+00	0.0000e+00
1.2391e+01	1.6680e+00	-2.7943e-01	2.1519e-02	1.0000e+00	0.0000e+00
1.2598e+01	1.6680e+00	5.2343e+00	6.7275e+00	0.0000e+00	0.0000e+00
1.2806e+01	1.6680e+00	-5.2720e-01	-3.0812e-01	1.0000e+00	0.0000e+00
1.3013e+01	1.6680e+00	-4.5389e-01	1.1067e-01	1.0000e+00	0.0000e+00
1.3220e+01	1.6680e+00	-9.2685e-01	1.7874e-01	1.0000e+00	0.0000e+00
1.3427e+01	1.6680e+00	-4.6761e+00	2.9115e+00	0.0000e+00	0.0000e+00
1.3634e+01	1.6680e+00	-2.9817e+00	3.4900e+00	0.0000e+00	0.0000e+00
1.3842e+01	1.6680e+00	-3.8986e-01	-3.6360e+00	0.0000e+00	0.0000e+00
1.4049e+01	1.6680e+00	-1.5264e+00	-8.6769e-01	1.0000e+00	0.0000e+00
1.4256e+01	1.6680e+00	-1.6791e+00	-6.8396e-01	1.0000e+00	0.0000e+00
1.6577e-01	1.4608e+00	3.1668e-02	2.7987e+00	1.0000e+00	0.0000e+00
3.7298e-01	1.4608e+00	2.5133e-01	2.8122e+00	1.0000e+00	0.0000e+00
5.8019e-01	1.4608e+00	4.0722e-01	2.4206e+00	1.0000e+00	0.0000e+00
7.8740e-01	1.4608e+00	3.8088e-01	2.0739e+00	1.0000e+00	0.0000e+00
9.9461e-01	1.4608e+00	7.2202e-01	1.6361e+00	1.0000e+00	0.0000e+00
1.2018e+00	1.4608e+00	7.6664e-01	9.7944e-01	1.0000e+00	0.0000e+00
1.4090e+00	1.4608e+00	4.6905e-01	2.4371e-01	1.0000e+00	0.0000e+00
1.6162e+00	1.4608e+00	-2.0498e+00	-1.6320e+00	0.0000e+00	0.0000e+00
1.8235e+00	1.4608e+00	1.4241e+00	-6.3000e+00	0.0000e+00	0.0000e+00
2.0307e+00	1.4608e+00	-1.4220e+00	-3.2276e+00	0.0000e+00	0.0000e+00
2.2379e+00	1.4608e+00	2.7869e+00	-2.8719e+00	0.0000e+00	0.0000e+00
2.4451e+00	1.4608e+00	3.9308e+00	-3.0326e+00	0.0000e+00	0.0000e+00
2.6523e+00	1.4608e+00	2.3043e-01	-1.1889e+00	1.0000e+00	0.0000e+00
2.8595e+00	1.4608e+00	5.8321e-01	-7.7512e-01	1.0000e+00	0.0000e+00
3.0667e+00	1.4608e+00	1.1924e-01	-3.9936e-01	1.0000e+00	0.0000e+00
3.2739e+00	1.4608e+00	-3.8032e+00	2.0845e+00	0.0000e+00	0.0000e+00
3.4811e+00	1.4608e+00	6.5524e-03	2.4351e-01	1.0000e+00	0.0000e+00
3.6884e+00	1.4608e+00	-6.5746e+00	2.8036e+00	0.0000e+00	0.0000e+00
3.8956e+00	1.4608e+00	2.9535e+00	1.9784e-01	0.0000e+00	0.0000e+00
4.1028e+00	1.4608e+00	-6.0706e+00	2.5357e+00	0.0000e+00	0.0000e+00
4.3100e+00	1.4608e+00	1.8979e-01	-6.4771e-02	1.0000e+00	0.0000e+00
4.5172e+00	1.4608e+00	3.2420e+00	2.7451e+00	0.0000e+00	0.0000e+00
4.7244e+00	1.4608e+00	2.0413e-01	8.1546e-02	1.0000e+00	0.0000e+00
4.9316e+00	1.4608e+00	1.5764e-02	1.0524e-01	1.0000e+00	0.0000e+00
5.1388e+00	1.4608e+00	-2.0980e-01	2.7315e-01	1.0000e+00	0.0000e+00
5.3460e+00	1.4608e+00	3.1147e+00	-5.1426e+00	0.0000e+00	0.0000e+00
5.5533e+00	1.4608e+00	-2.5154e-01	3.5562e-01	1.0000e+00	0.0000e+00
5.7605e+00	1.4608e+00	-2.3346e+00	-3.9693e+00	0.0000e+00	0.0000e+00
5.9677e+00	1.4608e+00	1.5937e+00	-2.1006e+00	0.0000e+00	0.0000e+00
6.1749e+00	1.4608e+00	1.1099e-01	-2.6475e-01	1.0000e+00	0.0000e+00
6.3821e+00	1.4608e+00	4.1459e-01	-3.0365e-01	1.0000e+00	0.0000e+00
6.5893e+00	1.4608e+00	5.7405e-01	-1.7989e-01	1.0000e+00	0.0000e+00
6.7965e+00	1.4608e+00	3.2626e-01	-2.0089e-01	1.0000e+00	0.0000e+00
7.0037e+00	1.4608e+00	2.3665e+00	-2.5758e+00	0.0000e+00	0.0000e+00
7.2109e+00	1.4608e+00	4.6802e+00	1.0099e+00	0.0000e+00	0.0000e+00
7.4182e+00	1.4608e+00	-3.6595e+00	-5.4548e+00	0.0000e+00	0.0000e+00
7.6254e+00	1.4608e+00	-3.3765e+00	3.0453e+00	0.0000e+00	0.0000e+00
7.8326e+00	1.4608e+00	-6.5812e-01	1.0623e+00	1.0000e+00	0.0000e+00
8.0398e+00	1.4608e+00	-9.1174e-01	1.0179e+00	1.0000e+00	0.0000e+00
8.2470e+00	1.4608e+00	-1.1226e+00	1.2392e+00	1.0000e+00	0.0000e+00
8.4542e+00	1.4608e+00	3.9871e-01	3.4500e+00	0.0000e+00	0.0000e+00
8.6614e+00	1.4608e+00	-1.2513e+00	8.0286e-01	1.0000e+00	0.0000e+00
8.8686e+00	1.4608e+00	-1.1885e+00	9.7036e-01	1.0000e+00	0.0000e+00
9.0758e+00	1.4608e+00	-5.0187e+00	3.8150e+00	0.0000e+00	0.0000e+00
9.2831e+00	1.4608e+00	6.6303e-01	-3.1284e+00	0.0000e+00	0.0000e+00
9.4903e+00	1.4608e+00	-1.1988e+00	6.1266e-01	1.0000e+00	0.0000e+00
9.6975e+00	1.4608e+00	-8.8999e-01	4.1182e-01	1.0000e+00	0.0000e+00
9.9047e+00	1.4608e+00	-6.0967e-01	5.5566e-01	1.0000e+00	0.0000e+00
1.0112e+01	1.4608e+00	-1.3306e+00	5.0583e+00	0.0000e+00	0.0000e+00
1.0319e+01	1.4608e+00	-3.7771e-01	7.0791e-01	1.0000e+00	0.0000e+00
1.0526e+01	1.4608e+00	-3.7873e-01	1.0150e+00	1.0000e+00	0.0000e+00
1.0734e+01	1.4608e+00	-4.1933e-01	1.0479e+00	1.0000e+00	0.0000e+00
1.0941e+01	1.4608e+00	-4.1709e-01	1.0844e+00	1.0000e+00	0.0000e+00
1.1148e+01	1.4608e+00	-5.3000e+00	3.6391e+00	0.0000e+00	0.0000e+00
1.1355e+01	1.4608e+00	2.1981e+00	3.0462e+00	0.0000e+00	0.0000e+00
1.1562e+01	1.4608e+00	-7.4734e-01	5.6060e-01	1.0000e+00	0.0000e+00
1.1770e+01	1.4608e+00	-9.2924e-01	1.9429e+00	0.0000e+00	0.0000e+00
1.1977e+01	1.4608e+00	-2.0656e+00	-4.2035e+00	0.0000e+00	0.0000e+00
1.2184e+01	1.4608e+00	-1.5129e+00	4.2138e-01	0.0000e+00	0.0000e+00
1.2391e+01	1.4608e+00	-1.8741e-01	2.1493e-01	1.0000e+00	0.0000e+00
1.2598e+01	1.4608e+00	-3.9779e-01	7.5414e-02	1.0000e+00	0.0000e+00
1.2806e+01	1.4608e+00	-2.1137e-01	-1.4361e-01	1.0000e+00	0.0000e+00
1.3013e+01	1.4608e+00	-2.3197e-01	-1.2840e-02	1.0000e+00	0.0000e+00
1.3220e+01	1.4608e+00	-7.8725e-01	-7.4983e-02	1.0000e+00	0.0000e+00
1.3427e+01	1.4608e+00	-3.0430e-01	-4.6579e+00	0.0000e+00	0.0000e+00
1.3634e+01	1.4608e+00	1.0111e-01	3.4869e+00	0.0000e+00	0.0000e+00
1.3842e+01	1.4608e+00	-1.2851e+00	-1.0614e+00	1.0000e+00	0.0000e+00
1.4049e+01	1.4608e+00	-1.1484e+00	-1.2676e+00	1.0000e+00	0.0000e+00
1.4256e+01	1.4608e+00	-4.8042e+00	-2.0717e+00	0.0000e+00	0.0000e+00
1.6577e-01	1.2536e+00	1.8115e-01	2.7565e+00	1.0000e+00	0.0000e+00
3.7298e-01	1.2536e+00	3.7381e-01	2.7217e+00	1.0000e+00	0.0000e+00
5.8019e-01	1.2536e+00	-1.5574e+00	4.8552e+00	0.0000e+00	0.0000e+00
7.8740e-01	1.2536e+00	3.7822e+00	-1.6408e+00	0.0000e+00	0.0000e+00
9.9461e-01	1.2536e+00	7.8873e-01	1.5250e+00	1.0000e+00	0.0000e+00
1.2018e+00	1.2536e+00	8.3082e-01	8.7361e-01	1.0000e+00	0.0000e+00
1.4090e+00	1.2536e+00	4.5427e-01	2.4764e-01	1.0000e+00	0.0000e+00
1.6162e+00	1.2536e+00	5.2712e-01	-1.9996e-01	1.0000e+00	0.0000e+00
1.8235e+00	1.2536e+00	5.1254e-01	-8.6707e-01	1.0000e+00	0.0000e+00
2.0307e+00	1.2536e+00	3.2510e-01	-1.1243e+00	1.0000e+00	0.0000e+00
2.2379e+00	1.2536e+00	4.3781e-01	-1.2429e+00	1.0000e+00	0.0000e+00
2.4451e+00	1.2536e+00	1.9165e+00	3.0503e-01	0.0000e+00	0.0000e+00
2.6523e+00	1.2536e+00	1.1301e-01	-9.9656e-01	1.0000e+00	0.0000e+00
2.8595e+00	1.2536e+00	3.2445e+00	-6.0715e+00	0.0000e+00	0.0000e+00
3.0667e+00	1.2536e+00	-5.9014e+00	3.6736e-01	0.0000e+00	0.0000e+00
3.2739e+00	1.2536e+00	-5.1819e-03	-3.1537e-03	1.0000e+00	0.0000e+00
3.4811e+00	1.2536e+00	3.3548e+00	6.2970e-01	0.0000e+00	0.0000e+00
3.6884e+00	1.2536e+00	-1.0790e-01	2.9505e-01	1.0000e+00	0.0000e+00
3.8956e+00	1.2536e+00	2.5354e-02	9.2433e-02	1.0000e+00	0.0000e+00
4.1028e+00	1.2536e+00	2.9457e-01	1.3846e-01	1.0000e+00	0.0000e+00
4.3100e+00	1.2536e+00	-1.5595e+00	-8.4867e-01	0.0000e+00	0.0000e+00
4.5172e+00	1.2536e+00	-3.1491e+00	-3.4348e+00	0.0000e+00	0.0000e+00
4.7244e+00	1.2536e+00	2.6232e+00	6.2251e+00	0.0000e+00	0.0000e+00
4.9316e+00	1.2536e+00	2.4785e+00	2.0701e+00	0.0000e+00	0.0000e+00
5.1388e+00	1.2536e+00	-6.0002e+00	-9.8394e-01	0.0000e+00	0.0000e+00
5.3460e+00	1.2536e+00	-4.4764e-01	5.6586e-01	1.0000e+00	0.0000e+00
5.5533e+00	1.2536e+00	-6.3159e-01	5.4986e-01	1.0000e+00	0.0000e+00
5.7605e+00	1.2536e+00	-7.3503e-01	4.4901e+00	0.0000e+00	0.0000e+00
5.9677e+00	1.2536e+00	4.5939e+00	6.4544e+00	0.0000e+00	0.0000e+00
6.1749e+00	1.2536e+00	6.0805e+00	-5.4828e+00	0.0000e+00	0.0000e+00
6.3821e+00	1.2536e+00	-3.4752e+00	-5.6899e+00	0.0000e+00	0.0000e+00
6.5893e+00	1.2536e+00	1.7309e-01	9.7465e-02	1.0000e+00	0.0000e+00
6.7965e+00	1.2536e+00	2.3154e-02	1.9637e-02	1.0000e+00	0.0000e+00
7.0037e+00	1.2536e+00	-3.3528e-01	2.0033e-01	1.0000e+00	0.0000e+00
7.2109e+00	1.2536e+00	-2.9191e-01	4.9482e-01	1.0000e+00	0.0000e+00
7.4182e+00	1.2536e+00	-7.0779e-01	5.5110e-01	1.0000e+00	0.0000e+00
7.6254e+00	1.2536e+00	-7.2981e-01	8.7477e-01	1.0000e+00	0.0000e+00
7.8326e+00	1.2536e+00	-6.1339e-01	8.0680e-01	1.0000e+00	0.0000e+00
8.0398e+00	1.2536e+00	-8.3563e-01	7.7069e-01	1.0000e+00	0.0000e+00
8.2470e+00	1.2536e+00	-9.9734e-01	8.6983e-01	1.0000e+00	0.0000e+00
8.4542e+00	1.2536e+00	-9.1207e-01	7.3549e-01	1.0000e+00	0.0000e+00
8.6614e+00	1.2536e+00	-1.0058e+00	5.9216e-01	1.0000e+00	0.0000e+00
8.8686e+00	1.2536e+00	-5.0879e+00	5.7180e+00	0.0000e+00	0.0000e+00
9.0758e+00	1.2536e+00	-1.0123e+00	3.8522e-01	1.0000e+00	0.0000e+00
9.2831e+00	1.2536e+00	-1.0636e+00	3.8730e-01	1.0000e+00	0.0000e+00
9.4903e+00	1.2536e+00	-3.1812e+00	3.6516e+00	0.0000e+00	0.0000e+00
9.6975e+00	1.2536e+00	3.0586e+00	-5.1376e+00	0.0000e+00	0.0000e+00
9.9047e+00	1.2536e+00	-1.8534e+00	1.1915e+00	0.0000e+00	0.0000e+00
1.0112e+01	1.2536e+00	-4.0958e-01	6.6675e-01	1.0000e+00	0.0000e+00
1.0319e+01	1.2536e+00	-9.1746e-02	7.5328e-01	1.0000e+00	0.0000e+00
1.0526e+01	1.2536e+00	-6.6666e-02	1.0346e+00	1.0000e+00	0.0000e+00
1.0734e+01	1.2536e+00	-8.2328e-02	1.0914e+00	1.0000e+00	0.0000e+00
1.0941e+01	1.2536e+00	1.5285e+00	-2.4309e+00	0.0000e+00	0.0000e+00
1.1148e+01	1.2536e+00	5.1030e+00	6.5460e-01	0.0000e+00	0.0000e+00
1.1355e+01	1.2536e+00	-4.0347e-01	1.0901e+00	1.0000e+00	0.0000e+00
1.1562e+01	1.2536e+00	-5.1379e-01	8.2695e-01	1.0000e+00	0.0000e+00
1.1770e+01	1.2536e+00	3.2930e+00	2.2378e+00	0.0000e+00	0.0000e+00
1.1977e+01	1.2536e+00	-3.4488e-01	6.2874e-01	1.0000e+00	0.0000e+00
1.2184e+01	1.2536e+00	-6.7378e-01	-4.8059e+00	0.0000e+00	0.0000e+00
1.2391e+01	1.2536e+00	-1.9618e-01	3.5259e-01	1.0000e+00	0.0000e+00
1.2598e+01	1.2536e+00	-4.9876e-01	2.7743e-01	1.0000e+00	0.0000e+00
1.2806e+01	1.2536e+00	-1.8448e-01	2.6918e-02	1.0000e+00	0.0000e+00
1.3013e+01	1.2536e+00	-1.9773e-01	1.0490e-01	1.0000e+00	0.0000e+00
1.3220e+01	1.2536e+00	-6.4875e+00	-2.1604e+00	0.0000e+00	0.0000e+00
1.3427e+01	1.2536e+00	1.5420e+00	-1.2439e+00	0.0000e+00	0.0000e+00
1.3634e+01	1.2536e+00	-9.0620e-01	-4.3692e-01	1.0000e+00	0.0000e+00
1.3842e+01	1.2536e+00	-1.1852e+00	-6.7495e-01	1.0000e+00	0.0000e+00
1.4049e+01	1.2536e+00	-9.3211e-01	-8.8294e-01	1.0000e+00	0.0000e+00
1.4256e+01	1.2536e+00	-1.2998e+00	-7.8135e-01	1.0000e+00	0.0000e+00
1.6577e-01	1.0464e+00	-3.1087e+00	4.5345e+00	0.0000e+00	0.0000e+00
3.7298e-01	1.0464e+00	7.7866e-01	3.1200e+00	0.0000e+00	0.0000e+00
5.8019e-01	1.0464e+00	-1.8080e+00	6.9088e+00	0.0000e+00	0.0000e+00
7.8740e-01	1.0464e+00	6.4353e-01	1.6392e+00	1.0000e+00	0.0000e+00
9.9461e-01	1.0464e+00	1.7206e-01	6.1201e+00	0.0000e+00	0.0000e+00
1.2018e+00	1.0464e+00	1.0324e+00	4.8681e-01	1.0000e+00	0.0000e+00
1.4090e+00	1.0464e+00	6.7311e-01	-1.8798e-01	1.0000e+00	0.0000e+00
1.6162e+00	1.0464e+00	6.6141e-01	-6.1704e-01	1.0000e+00	0.0000e+00
1.8235e+00	1.0464e+00	6.6692e-01	-1.1313e+00	1.0000e+00	0.0000e+00
2.0307e+00	1.0464e+00	-1.2536e+00	-3.1288e+00	0.0000e+00	0.0000e+00
2.2379e+00	1.0464e+00	2.2168e+00	-4.3935e-01	0.0000e+00	0.0000e+00
2.4451e+00	1.0464e+00	-1.3460e-02	-5.5939e+00	0.0000e+00	0.0000e+00
2.6523e+00	1.0464e+00	3.0137e-01	-9.7054e-01	1.0000e+00	0.0000e+00
2.8595e+00	1.0464e+00	6.8351e-01	-6.5815e-01	1.0000e+00	0.0000e+00
3.0667e+00	1.0464e+00	2.1641e-01	-1.2935e-01	1.0000e+00	0.0000e+00
3.2739e+00	1.0464e+00	-2.0568e-01	7.3906e-02	0.0000e+00	0.0000e+00
3.4811e+00	1.0464e+00	1.5361e+00	3.0280e+00	0.0000e+00	0.0000e+00
3.6884e+00	1.0464e+00	-7.3401e-02	3.3683e-01	1.0000e+00	0.0000e+00
3.8956e+00	1.0464e+00	1.1337e-01	1.2537e-01	1.0000e+00	0.0000e+00
4.1028e+00	1.0464e+00	3.9205e-01	1.0008e-01	1.0000e+00	0.0000e+00
4.3100e+00	1.0464e+00	5.7596e+00	3.1660e+00	0.0000e+00	0.0000e+00
4.5172e+00	1.0464e+00	2.2942e-01	-2.9502e-01	1.0000e+00	0.0000e+00
4.7244e+00	1.0464e+00	1.0205e+00	6.3096e-01	0.0000e+00	0.0000e+00
4.9316e+00	1.0464e+00	-2.6447e-01	-1.4428e-01	1.0000e+00	0.0000e+00
5.1388e+00	1.0464e+00	-5.8575e-01	-1.2951e-02	1.0000e+00	0.0000e+00
5.3460e+00	1.0464e+00	-6.9722e-01	3.7641e-01	1.0000e+00	0.0000e+00
5.5533e+00	1.0464e+00	-9.1476e-01	4.4702e-01	1.0000e+00	0.0000e+00
5.7605e+00	1.0464e+00	-8.9844e-01	4.2137e-01	1.0000e+00	0.0000e+00
5.9677e+00	1.0464e+00	-5.1547e-01	3.9608e-01	1.0000e+00	0.0000e+00
6.1749e+00	1.0464e+00	-3.4048e-01	4.3038e-01	1.0000e+00	0.0000e+00
6.3821e+00	1.0464e+00	-2.6490e+00	-5.7311e+00	0.0000e+00	0.0000e+00
6.5893e+00	1.0464e+00	1.9708e-01	5.4405e-01	1.0000e+00	0.0000e+00
6.7965e+00	1.0464e+00	-8.1277e-01	5.5820e+00	0.0000e+00	0.0000e+00
7.0037e+00	1.0464e+00	1.3817e+00	6.8599e+00	0.0000e+00	0.0000e+00
7.2109e+00	1.0464e+00	-2.6903e-01	7.2110e-01	1.0000e+00	0.0000e+00
7.4182e+00	1.0464e+00	-2.9991e+00	-9.7201e-01	0.0000e+00	0.0000e+00
7.6254e+00	1.0464e+00	-8.2987e-01	9.1730e-01	1.0000e+00	0.0000e+00
7.8326e+00	1.0464e+00	-6.2899e-01	9.0870e-01	1.0000e+00	0.0000e+00
8.0398e+00	1.0464e+00	-8.1386e-01	8.7690e-01	1.0000e+00	0.0000e+00
8.2470e+00	1.0464e+00	3.4477e+00	4.0252e+00	0.0000e+00	0.0000e+00
8.4542e+00	1.0464e+00	4.8590e+00	3.3041e+00	0.0000e+00	0.0000e+00
8.6614e+00	1.0464e+00	-1.0316e+00	1.7083e+00	0.0000e+00	0.0000e+00
8.8686e+00	1.0464e+00	-4.1596e-01	6.9257e-01	1.0000e+00	0.0000e+00
9.0758e+00	1.0464e+00	-3.9027e+00	2.2699e+00	0.0000e+00	0.0000e+00
9.2831e+00	1.0464e+00	-6.4847e-01	2.7389e-01	1.0000e+00	0.0000e+00
9.4903e+00	1.0464e+00	-5.2612e-01	2.6765e-01	1.0000e+00	0.0000e+00
9.6975e+00	1.0464e+00	-3.8825e+00	-2.6227e+00	0.0000e+00	0.0000e+00
9.9047e+00	1.0464e+00	-1.6114e-01	3.8160e-01	1.0000e+00	0.0000e+00
1.0112e+01	1.0464e+00	-2.4290e-01	6.4225e-01	1.0000e+00	0.0000e+00
1.0319e+01	1.0464e+00	7.8217e-02	7.2854e-01	1.0000e+00	0.0000e+00
1.0526e+01	1.0464e+00	1.2348e-01	9.9421e-01	1.0000e+00	0.0000e+00
1.0734e+01	1.0464e+00	2.4262e-01	-1.4464e+00	0.0000e+00	0.0000e+00
1.0941e+01	1.0464e+00	2.9987e-01	1.0426e+00	1.0000e+00	0.0000e+00
1.1148e+01	1.0464e+00	1.7707e-01	1.2017e+00	1.0000e+00	0.0000e+00
1.1355e+01	1.0464e+00	2.5198e+00	1.6027e+00	0.0000e+00	0.0000e+00
1.1562e+01	1.0464e+00	-4.5400e+00	5.3584e+00	0.0000e+00	0.0000e+00
1.1770e+01	1.0464e+00	-2.3623e+00	-5.6139e+00	0.0000e+00	0.0000e+00
1.1977e+01	1.0464e+00	-7.7580e-02	5.9391e-01	1.0000e+00	0.0000e+00
1.2184e+01	1.0464e+00	-5.7013e-01	-4.6478e-01	0.0000e+00	0.0000e+00
1.2391e+01	1.0464e+00	4.5426e+00	-3.0333e+00	0.0000e+00	0.0000e+00
1.2598e+01	1.0464e+00	-4.2939e-01	1.3359e-01	1.0000e+00	0.0000e+00
1.2806e+01	1.0464e+00	-1.0188e-01	-1.0424e-01	1.0000e+00	0.0000e+00
1.3013e+01	1.0464e+00	5.0834e+00	6.1009e+00	0.0000e+00	0.0000e+00
1.3220e+01	1.0464e+00	-5.5532e-01	1.3334e-01	1.0000e+00	0.0000e+00
1.3427e+01	1.0464e+00	1.2943e+00	-4.5064e+00	0.0000e+00	0.0000e+00
1.3634e+01	1.0464e+00	-6.5976e-01	-4.8385e-01	1.0000e+00	0.0000e+00
1.3842e+01	1.0464e+00	-6.5458e+00	6.7369e+00	0.0000e+00	0.0000e+00
1.4049e+01	1.0464e+00	4.5808e-01	-5.9890e+00	0.0000e+00	0.0000e+00
1.4256e+01	1.0464e+00	4.8097e+00	-3.7058e+00	0.0000e+00	0.0000e+00
1.6577e-01	8.3920e-01	-3.4903e+00	2.3627e+00	0.0000e+00	0.0000e+00
3.7298e-01	8.3920e-01	6.7946e-01	1.6406e+00	1.0000e+00	0.0000e+00
5.8019e-01	8.3920e-01	3.3979e+00	2.6890e+00	0.0000e+00	0.0000e+00
7.8740e-01	8.3920e-01	-4.6536e+00	-6.1407e+00	0.0000e+00	0.0000e+00
9.9461e-01	8.3920e-01	8.4056e-01	4.0230e-01	1.0000e+00	0.0000e+00
1.2018e+00	8.3920e-01	-4.1297e-01	-5.7850e+00	0.0000e+00	0.0000e+00
1.4090e+00	8.3920e-01	7.5973e-01	-9.7632e-01	1.0000e+00	0.0000e+00
1.6162e+00	8.3920e-01	8.4710e-01	-1.2400e+00	1.0000e+00	0.0000e+00
1.8235e+00	8.3920e-01	5.9897e+00	-3.2636e+00	0.0000e+00	0.0000e+00
2.0307e+00	8.3920e-01	8.2856e-01	-1.6419e+00	1.0000e+00	0.0000e+00
2.2379e+00	8.3920e-01	1.6768e+00	-3.1569e+00	0.0000e+00	0.0000e+00
2.4451e+00	8.3920e-01	8.1344e-01	-1.3819e+00	1.0000e+00	0.0000e+00
2.6523e+00	8.3920e-01	-4.9136e-01	-1.6233e+00	0.0000e+00	0.0000e+00
2.8595e+00	8.3920e-01	1.7091e+00	-1.4351e+00	0.0000e+00	0.0000e+00
3.0667e+00	8.3920e-01	2.3223e-01	-7.8583e-02	1.0000e+00	0.0000e+00
3.2739e+00	8.3920e-01	6.4522e-02	2.1301e-01	1.0000e+00	0.0000e+00
3.4811e+00	8.3920e-01	-7.3273e-02	2.9560e-01	1.0000e+00	0.0000e+00
3.6884e+00	8.3920e-01	-9.5788e-02	4.4586e-01	1.0000e+00	0.0000e+00
3.8956e+00	8.3920e-01	1.9104e-02	3.1474e-01	1.0000e+00	0.0000e+00
4.1028e+00	8.3920e-01	1.3801e+00	4.2330e+00	0.0000e+00	0.0000e+00
4.3100e+00	8.3920e-01	2.0785e-01	-8.0866e-03	1.0000e+00	0.0000e+00
4.5172e+00	8.3920e-01	1.2255e-01	-1.7314e-01	1.0000e+00	0.0000e+00
4.7244e+00	8.3920e-01	5.2549e+00	-4.1635e+00	0.0000e+00	0.0000e+00
4.9316e+00	8.3920e-01	2.4722e+00	-5.0770e+00	0.0000e+00	0.0000e+00
5.1388e+00	8.3920e-01	-3.0608e+00	6.7914e+00	0.0000e+00	0.0000e+00
5.3460e+00	8.3920e-01	-5.1848e+00	2.2999e+00	0.0000e+00	0.0000e+00
5.5533e+00	8.3920e-01	-1.0586e+00	3.5616e-01	1.0000e+00	0.0000e+00
5.7605e+00	8.3920e-01	-1.2586e+00	4.6367e-01	1.0000e+00	0.0000e+00
5.9677e+00	8.3920e-01	-7.7321e-01	5.7262e-01	1.0000e+00	0.0000e+00
6.1749e+00	8.3920e-01	-5.1836e-01	7.5126e-01	1.0000e+00	0.0000e+00
6.3821e+00	8.3920e-01	-6.8209e-01	4.2357e+00	0.0000e+00	0.0000e+00
6.5893e+00	8.3920e-01	3.0053e+00	-3.1347e+00	0.0000e+00	0.0000e+00
6.7965e+00	8.3920e-01	-5.7524e-01	-2.0467e+00	0.0000e+00	0.0000e+00
7.0037e+00	8.3920e-01	-4.8863e-01	6.1707e-01	1.0000e+00	0.0000e+00
7.2109e+00	8.3920e-01	-2.1910e-01	5.9322e-01	1.0000e+00	0.0000e+00
7.4182e+00	8.3920e-01	4.8168e+00	5.5861e+00	0.0000e+00	0.0000e+00
7.6254e+00	8.3920e-01	-3.1475e+00	3.5829e+00	0.0000e+00	0.0000e+00
7.8326e+00	8.3920e-01	-5.2351e-01	6.6907e-01	1.0000e+00	0.0000e+00
8.0398e+00	8.3920e-01	-6.3468e+00	-4.0062e+00	0.0000e+00	0.0000e+00
8.2470e+00	8.3920e-01	2.0005e+00	-1.6104e+00	0.0000e+00	0.0000e+00
8.4542e+00	8.3920e-01	-2.6162e-01	8.5703e-01	1.0000e+00	0.0000e+00
8.6614e+00	8.3920e-01	1.2406e+00	3.3485e+00	0.0000e+00	0.0000e+00
8.8686e+00	8.3920e-01	-1.3160e-01	7.8725e-01	1.0000e+00	0.0000e+00
9.0758e+00	8.3920e-01	-2.0146e-01	5.4350e-01	1.0000e+00	0.0000e+00
9.2831e+00	8.3920e-01	-3.8097e-01	2.4833e-01	1.0000e+00	0.0000e+00
9.4903e+00	8.3920e-01	-2.7969e-01	2.4024e-01	1.0000e+00	0.0000e+00
9.6975e+00	8.3920e-01	-2.2074e-01	3.1274e-01	1.0000e+00	0.0000e+00
9.9047e+00	8.3920e-01	-7.3218e-02	1.9770e-01	1.0000e+00	0.0000e+00
1.0112e+01	8.3920e-01	-6.2123e-01	-3.0542e+00	0.0000e+00	0.0000e+00
1.0319e+01	8.3920e-01	3.9319e-01	5.6706e-01	1.0000e+00	0.0000e+00
1.0526e+01	8.3920e-01	4.3639e-01	8.3315e-01	1.0000e+00	0.0000e+00
1.0734e+01	8.3920e-01	7.9546e-01	1.0336e+00	1.0000e+00	0.0000e+00
1.0941e+01	8.3920e-01	7.7474e-01	1.0492e+00	1.0000e+00	0.0000e+00
1.1148e+01	8.3920e-01	-2.8278e+00	-2.9359e+00	0.0000e+00	0.0000e+00
1.1355e+01	8.3920e-01	2.4575e+00	-1.7843e+00	0.0000e+00	0.0000e+00
1.1562e+01	8.3920e-01	3.1683e+00	1.4776e+00	0.0000e+00	0.0000e+00
1.1770e+01	8.3920e-01	2.5316e-01	7.6795e-01	1.0000e+00	0.0000e+00
1.1977e+01	8.3920e-01	-5.0797e+00	-1.1305e+00	0.0000e+00	0.0000e+00
1.2184e+01	8.3920e-01	3.9564e-02	5.1239e+00	0.0000e+00	0.0000e+00
1.2391e+01	8.3920e-01	6.3230e+00	4.1356e+00	0.0000e+00	0.0000e+00
1.2598e+01	8.3920e-01	-3.3064e-01	2.9549e-01	1.0000e+00	0.0000e+00
1.2806e+01	8.3920e-01	5.0751e-02	-1.7469e-02	1.0000e+00	0.0000e+00
1.3013e+01	8.3920e-01	5.9395e-02	-3.2663e-02	1.0000e+00	0.0000e+00
1.3220e+01	8.3920e-01	-4.7121e-01	-3.0149e-02	1.0000e+00	0.0000e+00
1.3427e+01	8.3920e-01	3.7474e+00	-4.1709e+00	0.0000e+00	0.0000e+00
1.3634e+01	8.3920e-01	-3.3917e+00	-4.0413e+00	0.0000e+00	0.0000e+00
1.3842e+01	8.3920e-01	-4.5902e-01	-6.4842e-01	1.0000e+00	0.0000e+00
1.4049e+01	8.3920e-01	-7.9665e-02	-8.3337e-01	1.0000e+00	0.0000e+00
1.4256e+01	8.3920e-01	3.5607e+00	-6.2681e+00	0.0000e+00	0.0000e+00
1.6577e-01	6.3199e-01	6.7564e-01	1.7125e+00	1.0000e+00	0.0000e+00
3.7298e-01	6.3199e-01	7.9380e-01	1.5082e+00	1.0000e+00	0.0000e+00
5.8019e-01	6.3199e-01	8.3524e-01	1.1804e+00	1.0000e+00	0.0000e+00
7.8740e-01	6.3199e-01	2.3809e+00	4.8969e+00	0.0000e+00	0.0000e+00
9.9461e-01	6.3199e-01	9.9356e-01	2.5913e-01	1.0000e+00	0.0000e+00
1.2018e+00	6.3199e-01	1.1238e+00	-3.4819e-01	1.0000e+00	0.0000e+00
1.4090e+00	6.3199e-01	8.8801e-01	-9.9735e-01	1.0000e+00	0.0000e+00
1.6162e+00	6.3199e-01	9.2206e-01	-1.1822e+00	1.0000e+00	0.0000e+00
1.8235e+00	6.3199e-01	8.7890e-01	-1.5306e+00	1.0000e+00	0.0000e+00
2.0307e+00	6.3199e-01	-5.3250e+00	1.4505e+00	0.0000e+00	0.0000e+00
2.2379e+00	6.3199e-01	9.5539e-01	-1.4615e+00	1.0000e+00	0.0000e+00
2.4451e+00	6.3199e-01	7.5429e-01	-1.1754e+00	1.0000e+00	0.0000e+00
2.6523e+00	6.3199e-01	5.3099e-01	-7.7244e-01	1.0000e+00	0.0000e+00
2.8595e+00	6.3199e-01	-1.9090e+00	3.4761e+00	0.0000e+00	0.0000e+00
3.0667e+00	6.3199e-01	3.9176e-01	-7.8959e-02	1.0000e+00	0.0000e+00
3.2739e+00	6.3199e-01	2.1937e-01	1.8431e-01	1.0000e+00	0.0000e+00
3.4811e+00	6.3199e-01	3.3407e+00	-2.3266e+00	0.0000e+00	0.0000e+00
3.6884e+00	6.3199e-01	-4.1917e+00	2.5394e+00	0.0000e+00	0.0000e+00
3.8956e+00	6.3199e-01	2.5746e-01	1.1270e-01	1.0000e+00	0.0000e+00
4.1028e+00	6.3199e-01	-3.6589e-02	-3.5314e+00	0.0000e+00	0.0000e+00
4.3100e+00	6.3199e-01	3.6999e-01	-2.0362e-01	1.0000e+00	0.0000e+00
4.5172e+00	6.3199e-01	1.0539e+00	-2.4625e+00	0.0000e+00	0.0000e+00
4.7244e+00	6.3199e-01	-1.4235e-01	-3.9789e-01	1.0000e+00	0.0000e+00
4.9316e+00	6.3199e-01	-5.8777e-01	-1.5683e-01	1.0000e+00	0.0000e+00
5.1388e+00	6.3199e-01	-9.8595e-01	-2.9886e-02	1.0000e+00	0.0000e+00
5.3460e+00	6.3199e-01	-2.8293e+00	-4.8800e+00	0.0000e+00	0.0000e+00
5.5533e+00	6.3199e-01	-4.8240e+00	6.2596e+00	0.0000e+00	0.0000e+00
5.7605e+00	6.3199e-01	-1.5379e+00	8.0648e-01	1.0000e+00	0.0000e+00
5.9677e+00	6.3199e-01	-4.2267e+00	3.6064e+00	0.0000e+00	0.0000e+00
6.1749e+00	6.3199e-01	-4.9790e+00	6.3364e+00	0.0000e+00	0.0000e+00
6.3821e+00	6.3199e-01	-4.6447e-01	1.1583e+00	1.0000e+00	0.0000e+00
6.5893e+00	6.3199e-01	-2.4900e-01	1.1135e+00	1.0000e+00	0.0000e+00
6.7965e+00	6.3199e-01	-1.0023e+00	-5.6810e+00	0.0000e+00	0.0000e+00
7.0037e+00	6.3199e-01	-5.2721e+00	4.5670e+00	0.0000e+00	0.0000e+00
7.2109e+00	6.3199e-01	-2.9380e-01	7.7542e-01	1.0000e+00	0.0000e+00
7.4182e+00	6.3199e-01	-8.0776e-01	6.8590e-01	1.0000e+00	0.0000e+00
7.6254e+00	6.3199e-01	-5.2815e+00	-4.0859e+00	0.0000e+00	0.0000e+00
7.8326e+00	6.3199e-01	4.6008e+00	-4.8636e+00	0.0000e+00	0.0000e+00
8.0398e+00	6.3199e-01	-5.1746e-01	6.9737e-01	1.0000e+00	0.0000e+00
8.2470e+00	6.3199e-01	-4.0546e-01	5.2720e-01	1.0000e+00	0.0000e+00
8.4542e+00	6.3199e-01	-8.7394e-02	6.7855e-01	1.0000e+00	0.0000e+00
8.6614e+00	6.3199e-01	-2.9062e-01	6.1355e-01	1.0000e+00	0.0000e+00
8.8686e+00	6.3199e-01	-2.3311e-01	-3.7599e+00	0.0000e+00	0.0000e+00
9.0758e+00	6.3199e-01	-1.3845e-02	4.6759e-01	1.0000e+00	0.0000e+00
9.2831e+00	6.3199e-01	4.1759e+00	-4.9685e+00	0.0000e+00	0.0000e+00
9.4903e+00	6.3199e-01	-8.1703e-02	9.5694e-02	1.0000e+00	0.0000e+00
9.6975e+00	6.3199e-01	-2.2364e-02	2.1401e-01	1.0000e+00	0.0000e+00
9.9047e+00	6.3199e-01	4.8996e-02	1.5115e-01	1.0000e+00	0.0000e+00
1.0112e+01	6.3199e-01	1.8542e-01	3.1548e-01	1.0000e+00	0.0000e+00
1.0319e+01	6.3199e-01	5.9581e-01	4.8283e-01	1.0000e+00	0.0000e+00
1.0526e+01	6.3199e-01	3.1873e+00	5.9108e-02	0.0000e+00	0.0000e+00
1.0734e+01	6.3199e-01	1.0974e+00	8.6912e-01	1.0000e+00	0.0000e+00
1.0941e+01	6.3199e-01	5.8890e+00	6.3076e+00	0.0000e+00	0.0000e+00
1.1148e+01	6.3199e-01	8.9601e-01	1.0139e+00	1.0000e+00	0.0000e+00
1.1355e+01	6.3199e-01	7.7485e-01	1.1006e+00	1.0000e+00	0.0000e+00
1.1562e+01	6.3199e-01	6.0044e-01	9.6134e-01	1.0000e+00	0.0000e+00
1.1770e+01	6.3199e-01	4.9895e-01	7.6713e-01	1.0000e+00	0.0000e+00
1.1977e+01	6.3199e-01	-2.9689e+00	6.2351e+00	0.0000e+00	0.0000e+00
1.2184e+01	6.3199e-01	-4.8668e-02	7.2234e-01	1.0000e+00	0.0000e+00
1.2391e+01	6.3199e-01	2.2742e-02	5.0236e-01	1.0000e+00	0.0000e+00
1.2598e+01	6.3199e-01	-2.8450e-01	4.3135e-01	1.0000e+00	0.0000e+00
1.2806e+01	6.3199e-01	1.1852e-01	7.7061e-02	1.0000e+00	0.0000e+00
1.3013e+01	6.3199e-01	9.0176e-02	-1.3653e-02	1.0000e+00	0.0000e+00
1.3220e+01	6.3199e-01	-5.3407e+00	2.7360e+00	0.0000e+00	0.0000e+00
1.3427e+01	6.3199e-01	4.6016e+00	3.1590e+00	0.0000e+00	0.0000e+00
1.3634e+01	6.3199e-01	-1.2878e-01	-5.4014e-01	1.0000e+00	0.0000e+00
1.3842e+01	6.3199e-01	-3.7294e+00	3.0946e+00	0.0000e+00	0.0000e+00
1.4049e+01	6.3199e-01	1.5879e+00	4.8236e+00	0.0000e+00	0.0000e+00
1.4256e+01	6.3199e-01	-6.9882e-01	-3.1732e+00	0.0000e+00	0.0000e+00
1.6577e-01	4.2478e-01	7.1853e-01	1.5953e+00	1.0000e+00	0.0000e+00
3.7298e-01	4.2478e-01	8.3608e-01	1.3544e+00	1.0000e+00	0.0000e+00
5.8019e-01	4.2478e-01	5.7549e+00	4.2011e+00	0.0000e+00	0.0000e+00
7.8740e-01	4.2478e-01	5.1592e+00	-3.2079e+00	0.0000e+00	0.0000e+00
9.9461e-01	4.2478e-01	2.3009e+00	-4.7566e+00	0.0000e+00	0.0000e+00
1.2018e+00	4.2478e-01	1.2098e+00	-5.7677e-01	1.0000e+00	0.0000e+00
1.4090e+00	4.2478e-01	8.7547e-01	-1.1825e+00	1.0000e+00	0.0000e+00
1.6162e+00	4.2478e-01	1.0143e+00	-1.4160e+00	1.0000e+00	0.0000e+00
1.8235e+00	4.2478e-01	9.3825e-01	-1.7803e+00	1.0000e+00	0.0000e+00
2.0307e+00	4.2478e-01	9.3928e-01	-1.6344e+00	1.0000e+00	0.0000e+00
2.2379e+00	4.2478e-01	3.3806e+00	-5.5441e+00	0.0000e+00	0.0000e+00
2.4451e+00	4.2478e-01	9.0391e-01	-1.1230e+00	1.0000e+00	0.0000e+00
2.6523e+00	4.2478e-01	4.8740e+00	5.2513e+00	0.0000e+00	0.0000e+00
2.8595e+00	4.2478e-01	8.3242e-01	-4.1731e-01	1.0000e+00	0.0000e+00
3.0667e+00	4.2478e-01	4.1205e-01	5.1766e-02	1.0000e+00	0.0000e+00
3.2739e+00	4.2478e-01	2.5636e-01	3.7660e-01	1.0000e+00	0.0000e+00
3.4811e+00	4.2478e-01	2.1430e-01	3.3490e-01	1.0000e+00	0.0000e+00
3.6884e+00	4.2478e-01	3.3851e-01	3.7452e-01	1.0000e+00	0.0000e+00
3.8956e+00	4.2478e-01	-1.7520e+00	1.1075e-01	0.0000e+00	0.0000e+00
4.1028e+00	4.2478e-01	5.1554e-01	-1.1391e-01	1.0000e+00	0.0000e+00
4.3100e+00	4.2478e-01	4.1632e-01	-3.7835e-01	1.0000e+00	0.0000e+00
4.5172e+00	4.2478e-01	-1.1934e-02	-1.9275e-01	0.0000e+00	0.0000e+00
4.7244e+00	4.2478e-01	1.0049e+00	-3.1742e+00	0.0000e+00	0.0000e+00
4.9316e+00	4.2478e-01	-5.0266e-01	-3.3495e-01	1.0000e+00	0.0000e+00
5.1388e+00	4.2478e-01	-4.2900e+00	-4.3933e+00	0.0000e+00	0.0000e+00
5.3460e+00	4.2478e-01	-1.3063e+00	1.1764e-02	1.0000e+00	0.0000e+00
5.5533e+00	4.2478e-01	-1.6919e+00	5.5914e-01	1.0000e+00	0.0000e+00
5.7605e+00	4.2478e-01	-1.1103e+00	-2.8186e+00	0.0000e+00	0.0000e+00
5.9677e+00	4.2478e-01	-1.3504e+00	1.0758e+00	1.0000e+00	0.0000e+00
6.1749e+00	4.2478e-01	-9.3796e-01	1.2305e+00	1.0000e+00	0.0000e+00
6.3821e+00	4.2478e-01	7.4158e-02	5.1436e+00	0.0000e+00	0.0000e+00
6.5893e+00	4.2478e-01	3.5191e+00	4.6260e+00	0.0000e+00	0.0000e+00
6.7965e+00	4.2478e-01	4.6709e+00	2.3116e+00	0.0000e+00	0.0000e+00
7.0037e+00	4.2478e-01	-5.7595e-01	1.1067e+00	1.0000e+00	0.0000e+00
7.2109e+00	4.2478e-01	-2.6361e-01	8.5059e-01	1.0000e+00	0.0000e+00
7.4182e+00	4.2478e-01	-8.5641e-01	7.3754e-01	1.0000e+00	0.0000e+00
7.6254e+00	4.2478e-01	-6.4487e+00	-5.3373e-02	0.0000e+00	0.0000e+00
7.8326e+00	4.2478e-01	1.1876e+00	1.1991e+00	0.0000e+00	0.0000e+00
8.0398e+00	4.2478e-01	-5.7241e+00	3.2242e+00	0.0000e+00	0.0000e+00
8.2470e+00	4.2478e-01	-2.1250e-01	3.7883e-01	1.0000e+00	0.0000e+00
8.4542e+00	4.2478e-01	9.5710e-01	5.7533e+00	0.0000e+00	0.0000e+00
8.6614e+00	4.2478e-01	-2.7816e-02	5.1460e-01	1.0000e+00	0.0000e+00
8.8686e+00	4.2478e-01	5.5873e+00	-4.8450e+00	0.0000e+00	0.0000e+00
9.0758e+00	4.2478e-01	2.5578e-01	4.1546e-01	1.0000e+00	0.0000e+00
9.2831e+00	4.2478e-01	5.6325e-02	7.9739e-02	1.0000e+00	0.0000e+00
9.4903e+00	4.2478e-01	3.0423e+00	3.1855e+00	0.0000e+00	0.0000e+00
9.6975e+00	4.2478e-01	1.1374e-01	2.2873e-01	1.0000e+00	0.0000e+00
9.9047e+00	4.2478e-01	1.6670e-01	1.1998e-01	1.0000e+00	0.0000e+00
1.0112e+01	4.2478e-01	2.0117e+00	3.4723e+00	0.0000e+00	0.0000e+00
1.0319e+01	4.2478e-01	6.4324e-01	6.6930e-01	1.0000e+00	0.0000e+00
1.0526e+01	4.2478e-01	-2.1852e+00	1.9619e+00	0.0000e+00	0.0000e+00
1.0734e+01	4.2478e-01	-1.0901e+00	-3.3672e-01	0.0000e+00	0.0000e+00
1.0941e+01	4.2478e-01	3.3352e+00	3.7026e+00	0.0000e+00	0.0000e+00
1.1148e+01	4.2478e-01	8.2673e-01	1.0850e+00	1.0000e+00	0.0000e+00
1.1355e+01	4.2478e-01	6.2741e+00	1.8574e+00	0.0000e+00	0.0000e+00
1.1562e+01	4.2478e-01	3.1748e+00	-2.5866e+00	0.0000e+00	0.0000e+00
1.1770e+01	4.2478e-01	-3.0488e+00	5.0720e+00	0.0000e+00	0.0000e+00
1.1977e+01	4.2478e-01	3.2100e-01	8.9699e-01	1.0000e+00	0.0000e+00
1.2184e+01	4.2478e-01	-1.8540e+00	-6.2242e+00	0.0000e+00	0.0000e+00
1.2391e+01	4.2478e-01	1.7300e+00	-6.2725e-01	0.0000e+00	0.0000e+00
1.2598e+01	4.2478e-01	-1.1450e-01	6.4849e-01	1.0000e+00	0.0000e+00
1.2806e+01	4.2478e-01	3.1860e-01	2.8291e-01	1.0000e+00	0.0000e+00
1.3013e+01	4.2478e-01	-6.1152e+00	-3.7997e+00	0.0000e+00	0.0000e+00
1.3220e+01	4.2478e-01	-3.8560e-01	1.5766e-01	1.0000e+00	0.0000e+00
1.3427e+01	4.2478e-01	-1.8533e-01	-2.0315e-02	1.0000e+00	0.0000e+00
1.3634e+01	4.2478e-01	1.0103e-01	-4.7545e-01	1.0000e+00	0.0000e+00
1.3842e+01	4.2478e-01	-6.4276e-02	-4.8149e-01	1.0000e+00	0.0000e+00
1.4049e+01	4.2478e-01	2.8684e-01	-7.3494e-01	1.0000e+00	0.0000e+00
1.4256e+01	4.2478e-01	-6.2832e-02	-6.8326e-01	1.0000e+00	0.0000e+00
1.6577e-01	2.1757e-01	1.1093e+00	9.6043e-01	1.0000e+00	0.0000e+00
3.7298e-01	2.1757e-01	1.2054e+00	5.6005e-01	1.0000e+00	0.0000e+00
5.8019e-01	2.1757e-01	1.1570e+00	2.5645e-01	1.0000e+00	0.0000e+00
7.8740e-01	2.1757e-01	1.0834e+00	-2.0119e-02	1.0000e+00	0.0000e+00
9.9461e-01	2.1757e-01	1.2542e+00	-6.0313e-01	1.0000e+00	0.0000e+00
1.2018e+00	2.1757e-01	7.1348e-01	1.8193e-01	0.0000e+00	0.0000e+00
1.4090e+00	2.1757e-01	9.9790e-01	-1.6029e+00	1.0000e+00	0.0000e+00
1.6162e+00	2.1757e-01	1.1194e+00	-1.8085e+00	1.0000e+00	0.0000e+00
1.8235e+00	2.1757e-01	1.0309e+00	-1.8455e+00	1.0000e+00	0.0000e+00
2.0307e+00	2.1757e-01	1.0867e+00	-1.5847e+00	1.0000e+00	0.0000e+00
2.2379e+00	2.1757e-01	1.1044e+00	-1.3262e+00	1.0000e+00	0.0000e+00
2.4451e+00	2.1757e-01	1.0285e+00	-9.6054e-01	1.0000e+00	0.0000e+00
2.6523e+00	2.1757e-01	7.4053e-01	-4.5823e-01	1.0000e+00	0.0000e+00
2.8595e+00	2.1757e-01	8.6720e-01	-3.5077e-01	1.0000e+00	0.0000e+00
3.0667e+00	2.1757e-01	4.3766e-01	2.0237e-01	1.0000e+00	0.0000e+00
3.2739e+00	2.1757e-01	2.4108e-01	4.0897e-01	1.0000e+00	0.0000e+00
3.4811e+00	2.1757e-01	1.6928e-01	3.1155e-01	1.0000e+00	0.0000e+00
3.6884e+00	2.1757e-01	1.5973e-01	2.1960e-01	1.0000e+00	0.0000e+00
3.8956e+00	2.1757e-01	1.5000e-01	3.7476e-02	1.0000e+00	0.0000e+00
4.1028e+00	2.1757e-01	3.3241e-01	-3.8747e-01	1.0000e+00	0.0000e+00
4.3100e+00	2.1757e-01	2.7077e-01	-5.9740e-01	1.0000e+00	0.0000e+00
4.5172e+00	2.1757e-01	9.9405e-02	-7.2245e-01	1.0000e+00	0.0000e+00
4.7244e+00	2.1757e-01	-2.4009e-01	-8.7124e-01	1.0000e+00	0.0000e+00
4.9316e+00	2.1757e-01	-7.8998e-01	-5.5902e-01	1.0000e+00	0.0000e+00
5.1388e+00	2.1757e-01	-1.1730e+00	-4.6250e-01	1.0000e+00	0.0000e+00
5.3460e+00	2.1757e-01	-1.5224e+00	-5.9206e-02	1.0000e+00	0.0000e+00
5.5533e+00	2.1757e-01	-1.9574e+00	6.2753e-01	1.0000e+00	0.0000e+00
5.7605e+00	2.1757e-01	-2.0257e+00	1.2985e+00	1.0000e+00	0.0000e+00
5.9677e+00	2.1757e-01	-1.4809e+00	1.4307e+00	1.0000e+00	0.0000e+00
6.1749e+00	2.1757e-01	-9.6024e-01	1.4436e+00	1.0000e+00	0.0000e+00
6.3821e+00	2.1757e-01	-7.8290e-01	1.4215e+00	1.0000e+00	0.0000e+00
6.5893e+00	2.1757e-01	-4.9363e-01	1.4773e+00	1.0000e+00	0.0000e+00
6.7965e+00	2.1757e-01	-1.5053e-01	1.4563e+00	1.0000e+00	0.0000e+00
7.0037e+00	2.1757e-01	-5.0680e-01	1.0845e+00	1.0000e+00	0.0000e+00
7.2109e+00	2.1757e-01	-1.8641e-01	5.2691e-01	1.0000e+00	0.0000e+00
7.4182e+00	2.1757e-01	-8.7203e-01	3.8337e-01	1.0000e+00	0.0000e+00
7.6254e+00	2.1757e-01	-9.6901e-01	4.4592e-01	1.0000e+00	0.0000e+00
7.8326e+00	2.1757e-01	2.2851e+00	-4.0390e-01	0.0000e+00	0.0000e+00
8.0398e+00	2.1757e-01	-6.2954e-01	5.2684e-01	1.0000e+00	0.0000e+00
8.2470e+00	2.1757e-01	-4.2141e-01	2.6353e-02	1.0000e+00	0.0000e+00
8.4542e+00	2.1757e-01	1.6908e-01	2.3650e-01	1.0000e+00	0.0000e+00
8.6614e+00	2.1757e-01	-8.5203e-02	1.7850e-01	1.0000e+00	0.0000e+00
8.8686e+00	2.1757e-01	5.2591e-01	2.3920e-01	1.0000e+00	0.0000e+00
9.0758e+00	2.1757e-01	-5.5100e-01	3.4568e+00	0.0000e+00	0.0000e+00
9.2831e+00	2.1757e-01	-3.0213e+00	2.4367e-02	0.0000e+00	0.0000e+00
9.4903e+00	2.1757e-01	5.7185e-01	-1.4264e-01	1.0000e+00	0.0000e+00
9.6975e+00	2.1757e-01	4.5172e-01	2.1443e-01	1.0000e+00	0.0000e+00
9.9047e+00	2.1757e-01	-1.1546e+00	-4.7089e-01	0.0000e+00	0.0000e+00
1.0112e+01	2.1757e-01	3.9480e+00	-1.5855e-01	0.0000e+00	0.0000e+00
1.0319e+01	2.1757e-01	8.8898e-01	8.0822e-01	1.0000e+00	0.0000e+00
1.0526e+01	2.1757e-01	-3.7290e+00	-4.0838e-01	0.0000e+00	0.0000e+00
1.0734e+01	2.1757e-01	1.3058e+00	9.8842e-01	1.0000e+00	0.0000e+00
1.0941e+01	2.1757e-01	4.8182e+00	3.2840e+00	0.0000e+00	0.0000e+00
1.1148e+01	2.1757e-01	1.1435e+00	1.2140e+00	1.0000e+00	0.0000e+00
1.1355e+01	2.1757e-01	9.7720e-01	3.0566e+00	0.0000e+00	0.0000e+00
1.1562e+01	2.1757e-01	7.7385e-01	1.3504e+00	1.0000e+00	0.0000e+00
1.1770e+01	2.1757e-01	-1.4768e+00	1.8622e+00	0.0000e+00	0.0000e+00
1.1977e+01	2.1757e-01	4.4829e-01	1.1777e+00	1.0000e+00	0.0000e+00
1.2184e+01	2.1757e-01	3.1671e-02	1.2089e+00	1.0000e+00	0.0000e+00
1.2391e+01	2.1757e-01	7.4868e-01	3.4054e+00	0.0000e+00	0.0000e+00
1.2598e+01	2.1757e-01	-3.9595e-01	6.9438e-01	1.0000e+00	0.0000e+00
1.2806e+01	2.1757e-01	-3.1543e+00	5.6629e+00	0.0000e+00	0.0000e+00
1.3013e+01	2.1757e-01	5.2111e+00	-4.1150e+00	0.0000e+00	0.0000e+00
1.3220e+01	2.1757e-01	-3.7362e-01	-8.0330e-02	1.0000e+00	0.0000e+00
1.3427e+01	2.1757e-01	-1.7350e-01	-9.1017e-02	1.0000e+00	0.0000e+00
1.3634e+01	2.1757e-01	1.3043e-02	-5.4619e-01	1.0000e+00	0.0000e+00
1.3842e+01	2.1757e-01	-6.5312e-04	-2.9151e-01	1.0000e+00	0.0000e+00
1.4049e+01	2.1757e-01	4.0019e-01	-5.1617e-01	1.0000e+00	0.0000e+00
1.4256e+01	2.1757e-01	1.5901e+00	2.5294e+00	0.0000e+00	0.0000e+00
